10107,0.009157,0.001428,0.006544,-0.005085,0.00444,0.000334,-0.00542,0.007629,0.001165,0.005152,0.000827,-0.002313,0.00828,0.01314,0.003161,0.013575,-0.003428,0.033117,0.00573,-0.000924,0.006396,-0.020827,-0.013059,0.021314,-0.005818,-0.020523,-8e-05,-8e-05,0.012988,-0.029733,0.011188,0.01403,0.023092,-0.00667,-0.014445,0.005387,0.006068,-0.011671,0.000475,-0.000634,-0.00967,0.006323,-0.016305,-0.031048,0.027704,0.021679,0.015815,0.028008,0.009133,-0.003771,-0.004618,0.006312,0.000982,0.00302,0.017388,0.003921,0.009286,0.000146,0.005914,-0.031572,0.003747,0.001643,-0.001416
84788,0.018779,-0.000116,0.003705,-0.001011,0.010127,0.006847,-0.007579,0.006259,-0.001765,-0.000548,0.000982,0.009849,0.000955,-0.001678,0.013762,0.019319,-0.011446,0.000263,0.025433,-0.006254,-0.006144,-0.007786,-0.005598,0.032428,-0.006069,-0.01515,-0.001681,-0.009334,-0.005206,-0.035609,0.009568,0.016863,0.019464,-0.020219,-0.005367,-0.00078,0.001163,-0.023768,0.004296,0.007212,-0.009388,-0.001578,-0.022711,-0.046409,0.021782,0.005169,0.009123,0.028312,0.031374,0.00165,-0.004496,0.008074,-0.000337,0.00875,0.008133,0.003902,0.004925,-0.003592,0.00136,-0.018616,0.010414,0.003399,-0.005593
14593,0.006791,0.014537,0.006855,0.00174,0.006694,0.015736,-0.002999,0.005614,-0.008324,-0.000402,0.00181,0.0001,0.019473,0.003594,0.003287,0.014423,-0.001542,-0.009075,-0.004774,0.001517,-0.019256,0.049086,-0.006508,0.012431,-0.015443,-0.026957,0.000197,-0.010744,-0.0138,-0.058119,0.01583,0.011979,-0.0044,-0.005682,-0.03127,0.019171,-0.020472,-0.01707,-0.003841,-0.004135,-0.004769,0.005187,-0.018116,-0.01011,0.036584,0.016143,0.014682,0.026617,0.012779,0.01158,-0.003183,-0.000206,-0.007262,0.005967,0.023519,-0.002923,0.008036,-0.003409,-0.001006,-0.015158,0.021629,-0.0003,-0.009112
13407,0.012058,0.032602,-0.003789,0.014291,-0.001704,-0.004496,0.015149,0.001352,-0.001743,0.008957,0.003071,-0.004342,-0.000503,-0.002797,0.017725,0.012897,-0.00653,0.058495,-0.009159,0.017181,-0.007085,-0.001913,-0.00259,0.01527,-0.008134,-0.021199,-0.001212,-0.004696,-0.001643,-0.036105,-0.004462,0.030654,0.003865,-0.009038,-0.013923,0.011493,0.002705,-0.024013,0.00105,0.01795,-0.011502,0.004501,-0.030272,-0.075055,0.020408,0.004,0.000951,0.029822,0.00848,0.018762,-0.017181,0.013883,0.02175,0.042354,-0.002857,-0.005253,0.010935,0.008495,0.007638,-0.019522,-0.006249,0.009805,0.01847
14542,0.018,0.005074,0.004523,0.007529,-0.006461,-0.002742,-0.005474,0.004101,0.002046,0.010999,0.002652,0.004938,0.007505,2.4e-05,0.010086,0.01258,-0.006761,0.005931,0.00691,0.012105,-0.076966,-0.017165,-0.004683,0.019603,0.003366,-0.012855,-0.006669,-0.003335,0.001626,-0.027691,-0.010238,0.039065,0.012687,-0.014148,-0.020176,0.009466,0.001557,-0.009249,-0.006399,0.0006,-0.015598,0.001335,-0.012809,-0.061071,0.016232,-0.010285,0.002034,0.020779,0.013452,-0.001537,-0.001567,0.0109,-0.003141,0.006588,0.01016,-0.001151,0.008246,0.009411,-0.005669,-0.026149,-0.006029,-0.00351,0.004554
22111,-0.005794,-0.009138,-0.003921,-0.011664,0.004499,-0.000294,-0.004187,7.4e-05,-0.002729,0.005695,0.003971,0.010987,0.003623,-0.007219,0.002254,0.015018,-0.005004,0.003233,0.005299,-0.003918,0.009725,0.005312,-0.00472,0.005167,0.000563,-0.01492,-0.001286,-0.007583,0.002307,-0.013305,-0.00277,0.000658,0.009495,0.002894,-0.001371,-0.002167,0.004634,0.007423,7.2e-05,-0.01282,-0.041877,0.005939,-0.007267,0.002211,0.017422,0.004861,0.017116,0.013682,0.003392,0.005467,0.013593,-0.006846,-0.004406,-0.00464,0.005665,0.001569,0.012531,-0.000844,0.006827,0.008248,-0.01657,-0.008178,-0.010022
47896,0.033686,0.004778,0.001997,0.009587,-0.002368,0.003229,-0.007383,0.004482,0.008449,0.046879,-0.01142,0.010551,0.028803,-0.007349,0.001234,0.001232,-0.00167,0.000528,0.00757,0.014414,-0.000603,-0.007669,0.002171,0.006152,-0.00887,-0.016335,-0.0053,-0.000799,-8.9e-05,-0.027198,0.007949,-0.003807,0.01283,-0.004851,0.005236,0.003413,-0.008145,-0.019672,0.009849,-0.010847,-0.002764,-0.010719,-0.010275,0.004719,0.03081,0.003554,0.002179,-0.010963,0.01081,0.003081,-0.01274,0.002471,0.002556,-0.005463,0.013642,-0.007226,0.002548,-0.006806,-0.007127,-0.008283,0.006682,0.003319,0.027196
90319,0.01877,0.005471,0.004372,0.007136,-0.00656,-0.002617,-0.004626,0.003126,0.002603,0.010863,0.003108,0.004386,0.006681,0.001072,0.0099,0.013424,-0.008295,0.005785,0.007954,0.014701,-0.075019,-0.021385,-0.005804,0.019751,0.003287,-0.012233,-0.006854,-0.0024,-0.000283,-0.026592,-0.01032,0.040841,0.011701,-0.013271,-0.020637,0.008544,0.001221,-0.009093,-0.005876,0.000834,-0.017217,0.001313,-0.013296,-0.061238,0.015163,-0.009341,0.002987,0.019671,0.013469,-0.001589,-0.001795,0.011037,-0.004317,0.006987,0.010376,-0.00066,0.007868,0.010933,-0.007704,-0.026077,-0.006675,-0.003416,0.005731
11850,0.01151,-0.004282,-0.005898,0.014215,0.005363,0.006183,-0.012892,-0.004516,0.004782,-0.012569,-0.003337,0.00682,0.002833,-0.003684,0.021817,0.00579,-0.019429,0.005626,-0.021041,-0.00646,0.003876,-0.020055,-0.017542,0.002329,-0.004389,-0.005316,0.001564,-0.000911,0.008597,-0.011102,0.001321,0.007387,-0.000131,-0.005893,-0.000132,0.004611,-0.009049,-0.023425,0.004201,-0.020108,-0.006197,-0.002633,-0.016674,0.015685,0.02379,-0.008289,0.018224,0.003633,0.004425,-0.000935,-0.010823,0.00878,-0.004419,0.009953,0.008656,-0.005545,0.017127,0.014097,-0.009525,-0.008837,0.004327,-0.010183,0.010683
55976,0.002973,-0.008996,0.002579,0.009466,0.007339,0.004047,-0.005442,0.009221,0.012048,0.00754,0.008566,0.004881,0.002235,0.000194,-0.00785,0.006838,0.004463,-9.7e-05,-0.019223,0.000295,0.012603,-0.014391,-0.002072,0.009194,0.003723,-0.011322,-0.009872,-0.002293,0.02381,-0.019822,0.004004,-0.004088,0.014317,-0.004442,0.006544,-0.00394,0.010977,-0.003619,0.007952,-0.002435,-0.002929,0.000685,-0.007339,0.005126,0.005885,0.018136,0.006608,0.009038,0.013766,0.003906,0.008153,-0.001562,0.003866,0.000825,0.004489,-0.000274,0.006386,0.007342,0.00099,-0.004675,-0.005058,-0.000545,0.003542
92611,0.006851,0.003307,0.00431,-0.005175,6.3e-05,0.000634,-0.001648,0.006794,-0.004415,0.011276,0.005011,-0.001309,0.001311,-0.001745,0.001498,0.007855,-0.001052,-0.00291,0.011862,0.007488,0.001706,-0.009974,-0.010259,0.00571,0.001481,-0.012756,0.003433,-0.005909,0.005632,-0.021032,0.018306,0.016104,0.014313,-0.004731,-0.003778,0.002386,0.002319,-0.016622,0.006997,0.006579,-0.005986,0.000184,-0.008786,-0.016922,0.023518,0.018851,0.009251,0.018752,0.004528,-0.002986,0.007516,-0.013054,0.001831,-0.000589,-0.001651,0.008329,0.017869,-0.001727,0.002364,-0.014783,-0.001284,0.000994,0.013549
83443,0.020459,-0.005463,-0.00103,0.002111,0.006026,-0.00039,-0.001608,-0.001952,0.010512,0.018822,-0.003894,0.009822,-0.006752,-0.001806,-0.002381,0.01012,-0.004915,0.006554,0.01071,0.011017,0.0006,0.0,-0.003599,0.012365,-0.024886,-0.017499,-0.000668,-0.003488,0.002206,-0.019185,-0.006439,-0.003486,0.008129,-0.006646,-0.002657,0.003108,-0.003737,-0.006417,0.001937,-0.009867,-0.005909,0.006145,-0.011615,0.005774,0.01526,0.008483,0.007231,0.005079,0.006559,-0.002558,-0.00997,0.002053,0.000829,-0.008189,0.012434,0.003592,0.006239,-0.008796,0.003104,0.005898,0.002115,0.016834,0.005424
59408,0.034433,0.011563,-0.001039,0.010749,-0.002401,0.003095,-0.009599,0.006231,0.0,0.03784,-0.010938,0.00134,0.00502,0.0,0.000666,0.000666,-0.001663,0.001999,0.008976,0.013839,-0.006175,-0.010464,0.007931,0.006885,-0.007815,-0.018051,-0.004011,-0.00302,-0.004376,-0.044963,0.013097,-0.01153,0.010604,-0.006646,0.0,0.010211,-0.006971,-0.025623,0.01513,-0.009936,-0.005376,-0.021261,-0.020619,0.003008,0.046477,-0.000358,0.0043,-0.012554,0.019615,0.006056,-0.010269,-0.000358,0.003579,-0.003923,0.024705,-0.010482,-0.001766,-0.005306,-0.004979,-0.007863,0.005403,0.010749,0.028004
18163,-0.00394,0.001061,-0.000578,-0.002507,0.002127,0.012735,-0.002953,-9.6e-05,0.000956,0.002959,0.006377,0.006526,0.001653,0.00189,-0.000377,-0.026884,0.005138,-0.003954,0.024981,-0.010202,0.016225,-0.014557,0.006004,0.004926,-0.003771,-0.009273,0.003534,-0.0079,0.01698,0.000943,-0.004806,0.010417,0.013215,-0.006105,-0.001117,-0.008944,0.00329,0.000375,-0.000656,-0.020902,-0.002585,0.010942,-0.022975,0.008648,0.008478,0.019584,0.00609,0.012945,-0.00046,0.006071,0.002743,0.011215,0.002615,-0.001888,-0.012524,0.007482,0.011954,-0.004833,0.010162,-0.00543,-0.017812,0.000456,-0.001184
91233,0.01529,0.000878,-0.001379,-0.012012,0.002415,-0.000127,-0.001524,0.004875,-0.004303,0.01182,0.00134,0.003931,0.00379,-0.000456,0.008967,0.00181,0.007392,0.001305,0.004356,0.001824,0.02877,-0.021594,-0.006271,0.003075,0.002783,-0.014398,0.001102,-8.2e-05,0.008642,-0.024451,0.018891,0.013052,0.017138,-0.003433,0.003722,0.007377,0.006031,-0.02791,0.007008,0.007754,0.000513,0.002485,-0.010622,-0.036701,0.028564,0.028413,0.006127,0.030912,0.001129,-0.009169,0.000721,-0.010044,-0.004211,-0.00346,-0.001505,0.004096,0.026629,-0.008696,0.003138,-0.020995,0.006045,-0.000765,0.013137
26403,0.01333,-0.004888,0.005002,0.019819,0.002179,-0.000348,0.016528,0.002567,-0.00478,0.115437,0.015224,-0.016207,0.014242,0.005313,-0.005814,0.012758,0.013047,0.01584,0.019528,-0.004431,-0.016727,-0.004307,-0.016425,0.001416,0.004988,-0.011556,0.011616,-0.010371,0.003368,-0.020143,0.014162,0.011111,0.006089,-0.003395,-0.008368,0.001344,-0.00179,-0.008368,0.000452,-0.00128,-0.007917,0.004788,-0.00121,0.003257,0.01774,0.008307,0.009342,0.006049,-0.007027,-0.014518,0.004738,0.044356,-0.000635,-0.004801,-0.012272,0.012065,0.007806,-0.012604,-0.007202,0.005172,0.003287,-0.007835,0.002441
66093,0.018814,-0.010016,0.007588,0.003451,0.01157,0.001237,-0.004014,0.004094,0.010038,0.0,-0.00559,0.007183,-0.009302,0.002504,0.001561,0.000623,-0.04081,-0.014615,0.011206,0.006519,0.002591,-0.005491,-0.005521,0.002613,-0.003583,-0.001961,-0.007534,0.00264,0.0079,-0.004899,0.020348,0.005146,0.01184,0.005693,0.012264,0.006834,-0.004011,-0.004337,0.004045,-0.010536,-0.000626,-0.001567,-0.040176,0.016678,0.012544,0.006353,0.013258,0.01215,-0.017236,0.005637,0.00218,0.003418,0.001858,-0.001546,0.004334,-0.000925,0.004011,-0.002766,0.004006,-0.000921,-0.000614,0.013833,0.01607
21936,0.008712,0.001634,-0.001631,-0.002334,0.005849,0.003489,-0.006954,-0.002568,-0.010765,-0.013248,0.009111,-0.027798,-0.025415,-0.012538,-0.010158,0.011288,-0.001268,0.006096,0.009089,-0.009507,0.025764,0.00394,0.005887,0.009266,0.006282,-0.019688,0.002939,0.001221,0.001969,-0.003684,0.002218,0.012051,0.011908,-0.004083,0.002894,0.001923,0.007679,-0.001667,0.000716,-0.001192,-0.004296,0.004314,-0.009069,0.009634,0.007395,0.00592,0.005414,0.004917,0.003495,-0.009287,0.009609,-0.013463,0.006118,0.002806,0.004431,0.009984,0.002299,0.001606,0.002061,0.0,-0.017596,0.010235,-0.002533
14541,0.014288,-8e-05,-0.008325,0.007345,0.012981,0.002057,-0.008999,-0.000398,0.003984,-0.049448,0.003173,0.008573,-0.007428,-0.003409,0.01702,0.000984,-0.030651,-0.003213,-0.006785,0.005295,0.019878,-0.018741,-0.012138,0.007647,0.009636,-0.001098,-0.006511,0.031404,0.006601,-0.012706,0.009963,0.00411,-0.001228,-0.002318,0.002655,0.004138,-0.006346,-0.022394,0.007126,-0.00337,-0.013017,-0.011904,-0.013261,0.018797,0.011294,0.002984,0.025754,0.006629,0.006668,-0.009159,-0.008088,0.005991,-0.000827,0.004801,0.012686,-0.000325,0.011311,0.00523,-0.00016,-0.010167,0.002346,-0.006617,0.010803
65875,-0.000676,-0.009477,0.005809,0.002038,0.001695,0.000677,-0.002156,0.003596,-0.000853,0.003074,-0.000511,0.001363,-0.01718,0.0045,0.005686,-0.020901,-0.001225,-0.021549,0.013071,0.004595,0.006158,-0.011715,0.008316,0.004387,-0.005765,-0.00492,-0.004415,0.001774,0.007613,-0.002811,-0.003524,0.004598,0.010033,0.012374,0.015838,0.008304,-0.004202,-0.006414,0.007644,-0.009946,-0.009365,-0.023204,-0.043639,0.037351,-0.002838,0.014408,0.008943,-0.005214,-0.019043,0.01211,0.009326,0.004533,0.011454,-0.011153,-0.005206,0.005233,-0.005032,0.007499,0.008655,-0.004634,-0.017414,0.004562,-0.002096
76076,0.018337,0.005638,0.006149,-0.002517,0.001269,0.005072,-0.005587,0.011598,-0.003941,0.01241,0.004797,0.006895,-0.011238,0.001598,-0.001064,0.006212,0.003352,-0.009669,-0.007989,0.004474,-0.003207,-0.006613,-0.011515,0.0,-0.006371,-0.020883,0.000374,-0.010286,0.008314,-0.038606,0.014035,0.008074,0.066552,0.007509,-0.006034,0.009106,-0.014685,-0.026935,0.003322,-0.008093,-0.013907,0.007334,-0.028748,-0.004805,0.028003,0.028555,0.006393,0.015064,0.008761,0.01223,-0.021888,0.00555,-0.02528,0.011872,0.011733,0.001427,0.022804,-0.006619,0.00263,-0.019238,0.009272,-0.015371,-0.017944
92655,-0.006956,-0.004602,0.005851,0.006305,0.005619,-0.000121,0.000161,-0.011094,-0.043125,-0.051822,0.03127,-0.040139,-0.018646,0.022643,0.024171,0.015279,-0.000997,0.00191,0.026908,0.001899,-0.018446,-0.004805,0.002156,-0.002151,0.036861,-0.010187,0.004621,-0.004934,0.01101,-0.004323,-0.013025,-0.00148,0.003007,0.019384,0.019099,0.016058,-0.002401,-0.01139,0.004584,-0.022493,0.001405,0.004538,-0.006982,-0.021671,0.017755,0.008349,-0.003913,0.02047,0.005552,-0.009148,-0.005572,0.001881,0.006083,0.002445,-0.001098,0.018274,-0.009713,0.018244,-0.010465,-0.007931,-0.016918,0.011788,-0.009458
17778,0.021862,-0.005848,-0.000817,0.002325,0.004291,-0.001023,-0.000263,-0.001236,0.009365,0.014119,0.000796,0.009539,-0.004598,-0.002247,-0.003901,0.01141,-0.005301,0.007911,0.007849,0.012215,0.000489,0.002522,-0.005173,0.010955,-0.023693,-0.01525,-0.001174,-0.001112,0.003499,-0.022631,-0.004897,-0.004139,0.00771,-0.005134,-0.003241,0.002826,-0.006286,-0.000608,-0.003666,-0.006436,-0.003953,0.003392,-0.012686,0.009028,0.014206,0.007895,0.004896,0.004433,0.007304,-0.004128,-0.009807,0.000812,0.002475,-0.008845,0.011145,0.006738,0.006219,-0.012464,0.00534,0.006599,1.6e-05,0.017844,0.000204
66181,0.019542,-0.006798,0.02213,0.009264,0.008032,0.007374,-0.013019,-0.007317,0.010279,0.011763,0.004955,-0.001904,0.010173,-0.004309,-0.004279,0.006202,0.003252,-0.001064,-0.013995,-0.007121,0.007618,-0.024055,0.011117,-0.002239,-0.004637,-0.024345,0.002054,-0.003023,0.0,-0.021791,0.006725,0.000731,0.003233,0.00104,-0.008464,0.002618,-0.013267,0.016357,0.008281,-0.010538,-0.008144,0.005737,-0.006437,-0.001475,0.029963,0.014341,0.00244,0.000659,0.003801,-0.000202,0.004697,0.017141,0.016901,0.00588,0.002416,0.002217,0.015918,-0.008805,-0.018578,-0.003698,0.008205,0.002907,0.004589
11308,-0.002988,-0.003211,-0.008374,0.006496,-0.000215,0.001722,0.002578,-0.000643,0.001501,0.000642,0.005563,-0.001064,0.007029,0.00423,-0.001685,0.017089,-0.004771,-0.002918,0.008779,0.003315,0.013218,-0.00958,-0.004116,0.00682,-0.005131,-0.009697,-0.003125,-0.009404,0.016667,-0.002905,0.013319,0.010064,0.008133,-0.007664,-0.007114,-0.005118,0.021605,0.004028,-0.004814,-0.01028,-0.00998,0.013166,-0.002437,0.017301,0.0004,0.0156,0.01221,0.001751,-0.002136,-0.000973,0.006039,-0.00213,0.00352,-0.008575,-0.004521,0.009479,0.010563,-0.002129,0.007177,-0.003082,-0.012365,-0.000782,-0.003132
22752,0.001563,-0.00108,-0.000361,-0.015989,-0.008552,-0.002465,-0.001853,0.000247,-0.012126,-0.005135,-0.011331,-0.012352,-0.046931,-0.009875,0.003689,0.015519,0.001743,0.021544,0.003799,0.001957,0.025137,0.000127,0.010163,0.006036,-0.0065,-0.019879,0.003594,0.001919,-0.001787,-0.013045,0.00324,0.001679,0.020374,-0.005181,0.002032,0.00786,0.018616,0.000494,0.001851,-0.011211,-0.011214,0.004032,-0.005899,0.013256,0.010217,0.007523,-0.00306,0.012525,0.000243,0.006062,0.008797,-0.009676,0.005187,0.006282,0.014286,0.010297,-0.008903,-0.000355,0.011115,-0.003158,-0.019944,0.003471,0.000239
38703,0.010141,-0.012293,0.013483,0.006345,-0.007932,0.00205,-0.015139,-0.00727,-0.001046,-0.026184,0.006023,0.018816,-0.002099,0.000631,-0.006726,0.001904,0.002746,0.000632,0.009472,0.006464,0.0029,-0.003718,0.001451,0.007246,-0.004522,-0.026017,-0.003604,0.004043,0.008772,-0.017391,0.003453,-0.013982,0.001309,-0.004357,-0.00547,0.019362,-0.004964,-0.011714,0.013389,-0.012562,-0.002413,-0.009455,-0.015094,0.003381,0.026056,0.00394,0.001308,-0.006315,0.014026,-0.000216,-0.029183,0.008461,0.006624,-0.007019,0.018334,-0.009761,0.0046,0.02246,-0.013222,-0.00281,-0.007369,0.010699,0.022251
59328,0.015084,-0.002752,0.020603,0.007931,-0.005722,0.001439,-0.006466,0.007773,0.000897,0.011111,-0.002481,0.00764,0.032622,-0.001195,0.005642,-0.00068,-0.001021,-0.018903,-0.089915,-0.025176,-0.00137,-0.005486,-0.004137,0.023739,-0.004155,-0.014448,-0.024564,-0.053209,-0.009009,-0.031169,0.00916,0.009962,-0.001973,-0.014057,-0.029628,0.020661,-0.010346,0.012045,0.000898,-0.022437,0.015148,0.011305,-0.015426,-0.01317,0.030603,-0.005358,0.012346,0.020621,0.016728,0.001068,-0.011313,0.008204,-0.010921,-0.001299,0.026881,-0.006333,0.002549,0.005722,0.003582,-0.016376,0.028602,-0.015148,0.008639
19561,0.026532,-0.002018,-0.015381,0.028903,-0.009928,-0.044421,-0.014632,-0.01111,0.014304,0.025611,-0.011011,0.016673,-0.011003,0.006755,-0.012892,-0.003065,0.00385,0.019549,-0.005251,-0.00457,-0.003588,-0.002356,-0.002654,0.001756,-0.01291,-0.038671,0.007054,-0.00991,0.001525,-0.048778,0.016807,0.007579,0.023637,0.00342,-0.006281,0.016894,-0.016641,-0.006321,0.012409,-5.6e-05,-0.017133,0.003068,-0.023609,-0.007962,0.016908,0.011984,0.005419,0.008727,0.000283,-0.012634,-0.006584,0.005273,-0.004873,0.022295,0.053705,-0.01444,0.017148,-0.008109,0.005782,-0.012487,0.015217,-0.029125,-2.7e-05
89525,0.008254,-0.001985,0.006247,0.003477,0.000247,0.007175,0.008106,0.000975,-0.000974,0.006335,0.011622,0.004548,0.014296,-0.003289,-0.010134,-0.000238,-0.003334,0.025807,0.003494,0.008589,0.001841,-0.002527,-0.017734,0.015006,0.000231,-0.012471,-0.004911,0.008696,0.005359,-0.020162,0.014901,-0.009788,0.016474,0.008104,-0.017455,0.011922,0.000231,-0.013164,-0.001404,-0.004687,-0.01295,-0.004294,-0.017729,-0.000976,0.010742,-0.002416,-0.003632,0.008019,-0.00458,-0.001695,0.00558,0.00579,0.014872,0.005909,0.016212,-0.002543,0.012517,-0.002747,0.000918,-0.019495,-0.014971,-0.002612,0.006667
10104,0.016198,-0.007878,-0.001662,-0.00444,0.002044,-0.003894,0.002048,0.007059,-0.003335,0.0132,0.002385,-0.000732,-0.002015,0.000734,0.001834,0.005859,0.004368,-0.003081,0.007271,-0.005956,0.004539,-0.008133,-0.005102,0.00348,0.001095,-0.015497,-0.000185,0.004816,0.007373,-0.022324,0.013101,0.007944,0.001466,-0.002562,-0.015413,0.009504,0.000554,-0.020664,-0.00584,-0.019329,-0.001159,0.00058,-0.021655,-0.007115,0.03543,0.001538,0.009405,0.01274,0.014082,-0.001296,-0.005933,0.004103,-0.010401,-0.002815,-0.004329,-0.004159,0.081815,-0.015266,0.011048,-0.011808,0.010523,0.001941,0.003523
13856,-0.004488,-0.002623,-0.000986,-0.00074,0.001235,0.003124,0.001393,-0.001064,-0.003032,0.004603,0.011699,-0.010108,0.037579,0.00063,-0.005114,0.005141,-0.001338,-0.006224,0.002141,0.002294,0.010735,-0.006326,-0.003222,0.006623,-0.003133,-0.010136,0.000317,0.000238,0.015549,-0.00664,0.001966,0.015227,0.007112,0.001842,-0.003984,-0.007231,0.007904,-0.000769,-0.003616,-0.01444,0.004231,0.003433,-0.004743,0.007656,0.000698,0.017975,0.011759,0.01129,0.000899,-0.002919,-0.00045,-0.001502,-0.00158,-0.001582,-0.003471,0.005982,0.009861,-0.001491,0.001344,-0.00246,-0.011135,-0.004761,-0.004252
70519,0.034394,0.000932,0.009935,0.011682,-0.004102,0.007933,-0.013168,0.004908,0.005952,0.02291,-0.000593,0.028644,0.015005,-0.009666,-0.008325,0.001592,-0.005347,-0.001453,0.011349,0.021867,-0.004646,-0.010467,0.005718,0.010802,-0.003679,-0.031956,0.00088,-0.008649,0.003992,-0.051841,0.013669,-0.005976,0.017111,-0.013792,-0.001691,0.017241,-0.021489,-0.011754,0.007668,-0.009318,-0.001254,-0.00157,-0.022952,0.007401,0.052228,-0.001518,0.01049,-0.011735,0.021769,0.011323,-0.015763,0.004041,0.005963,-0.01393,0.021641,-0.005737,0.007546,-0.001909,-0.008239,-0.012906,0.010219,0.013835,0.027586
89393,0.029168,0.002071,0.005521,-0.005057,-0.006497,-0.011163,0.009131,-0.002166,0.01025,-0.044907,-0.006465,0.030355,-0.013131,0.015814,0.047149,0.012058,-0.020058,-0.015766,0.017702,-0.008057,-0.003469,0.022319,0.00066,0.01575,-0.016518,-0.021681,-0.016439,-0.004446,-0.004714,-0.043707,0.001014,0.02714,0.012169,-0.013526,-0.017887,0.017696,0.015412,-0.020905,0.00619,0.0011,-0.015756,0.007618,-0.024357,-0.019372,0.049817,0.006593,0.003936,0.010472,-0.024552,-0.002102,-0.016255,-0.006164,-0.010774,0.032055,0.018539,0.017921,0.004649,0.010953,0.004957,-0.028946,0.005273,0.02159,-0.007297
43449,-0.007952,-0.000212,0.0,0.00807,0.004424,-0.004509,0.001211,-0.004524,-0.001797,0.014401,0.001305,-0.000782,-0.000469,0.017223,-0.005079,0.00691,0.012138,0.001518,-0.002577,-0.00152,0.002283,-0.017209,0.002266,0.014953,0.006987,-0.004324,-5e-05,-0.001515,0.01143,-0.0048,-0.005125,0.005353,0.004621,-0.00385,-0.001154,0.004272,0.000601,-0.004951,-0.006031,-0.005562,-0.003305,0.016427,0.000954,0.002572,0.004276,0.002505,0.014591,0.011968,-0.020343,0.009737,0.008216,-0.002147,0.003912,-0.007209,0.003435,0.000196,0.002787,-0.004193,-0.001665,0.008778,-0.005639,0.008409,0.006739
20482,-0.003503,-0.000502,-0.001507,-0.011069,0.004833,-0.006076,0.00191,0.003813,-0.005825,-0.002293,-0.006538,-0.014452,-0.045824,0.01427,0.007982,0.021339,0.008541,0.01772,0.005761,-0.003691,0.016481,-0.010307,0.000508,-0.001142,0.004829,-0.027318,-0.008972,0.002624,0.000393,-0.012426,0.00702,0.006313,0.001176,-0.008225,-0.002633,0.003431,0.003025,-0.008261,0.01785,-0.016498,-0.000528,0.011233,-0.005097,-0.005517,0.023115,0.015879,0.017791,0.008116,0.006564,-0.001846,0.010232,0.004149,-0.000851,-0.002068,0.016697,0.010909,0.007233,0.000706,-0.003412,-0.005548,-0.015195,0.008799,0.004899
75510,0.021314,-0.003013,0.000553,-0.013296,-0.001642,0.005085,0.00067,0.009629,0.001178,-0.000147,0.001324,-0.002902,-0.007295,0.004157,0.006061,0.02307,-0.010916,0.008023,0.015487,0.014825,0.010869,-0.020398,-0.013093,0.021242,-0.006723,-0.023232,-0.001083,-0.003541,0.009754,-0.03871,0.01554,0.018245,0.024312,-0.013049,-0.015723,0.009512,0.013486,-0.026861,0.001896,0.012665,-0.017502,0.004133,-0.013151,-0.043817,0.03737,0.015444,0.00711,0.012227,0.007837,-0.015517,0.00308,-0.001951,-0.007311,0.004813,0.004282,0.052135,0.03743,-0.009202,0.001804,-0.039684,0.002604,0.015621,0.004843
15488,0.016468,-0.003032,-0.005132,-0.002197,0.012158,0.007945,0.003378,0.005424,-0.009767,0.018974,-0.003134,0.000555,0.005638,-0.013326,-0.005123,0.000843,0.002993,0.02798,0.003085,0.017004,0.002935,-0.016228,-0.011177,0.020602,-0.009914,-0.01714,0.001101,0.006051,0.006197,-0.032425,0.021155,0.022092,0.021256,-0.009397,-0.005762,0.002497,0.000356,-0.022851,-0.000455,0.017205,-0.014856,0.012082,-0.0149,-0.038542,0.030421,0.018762,0.009118,0.020039,0.014033,-0.008822,-0.000873,0.010655,0.003889,0.008522,-0.010072,0.010002,0.014086,-0.021719,0.002495,-0.017682,-0.002534,-0.004205,0.00695
10145,0.016046,-0.002663,-0.004657,0.004866,0.003911,0.002226,-0.007466,-0.005471,0.005814,0.009758,-0.002893,0.005309,0.000184,0.037878,-0.00485,0.02122,-0.003027,-0.005079,0.010738,0.001742,0.006259,-0.015493,0.002574,0.012604,-0.005359,-0.01599,0.003003,0.000176,0.007277,-0.028025,0.008033,0.007255,0.008324,-0.004918,-0.007826,0.005812,-0.00171,-0.012108,0.001442,-0.008519,-0.005385,0.006571,-0.00689,0.013146,0.010092,0.007493,0.005017,0.011747,-0.005689,0.00216,0.007282,0.001677,-0.002194,-0.002604,0.019668,-0.001935,0.005017,-0.011232,0.001721,-0.003837,-0.002012,0.00144,0.004314
12490,0.015592,-0.002094,0.004406,-0.005918,0.003502,0.000768,-0.008927,0.006404,0.005314,0.003964,-0.003118,0.008617,-0.041546,0.00877,-0.010262,0.01116,-0.003489,-0.009432,0.005843,-0.002797,0.008774,0.002067,-0.006901,0.004728,0.000927,-0.019519,0.002616,-0.007536,-0.000148,-0.028821,0.014381,0.008176,0.011012,-0.011481,0.005956,0.009843,-0.000733,-0.029043,-0.000831,-0.013759,-0.005902,-0.000925,-0.019912,0.01008,0.034459,-0.009044,0.005552,0.008244,0.010727,0.00898,-0.007944,0.006599,-0.004493,-0.00148,0.010597,0.005133,0.012912,0.002521,0.001078,-0.007104,0.001156,0.0,-0.004476
92602,-0.00215,-0.002154,-0.024997,0.00303,-0.00732,-0.001522,0.006213,-0.001514,-0.002333,0.003041,0.004897,0.000232,-0.008468,-0.011582,-0.002367,0.007356,-0.005418,-0.010184,0.013997,0.001652,0.019552,-0.009011,-0.010026,0.009185,-0.006768,-0.008106,-0.007343,0.001432,0.007268,-0.009936,0.004659,0.014865,0.001992,0.015203,-0.006681,-0.005451,-0.003148,0.008773,-0.018553,-0.036508,-0.005028,-0.01898,-0.03103,0.019188,-0.001399,-0.015924,-0.000647,0.012565,-0.015479,0.015333,-0.011902,0.004922,-0.005026,0.010233,-0.011284,-0.005965,0.021787,0.026432,-0.017546,0.01272,-0.01827,0.006979,0.007829
48725,0.022249,-0.00667,-0.001001,-0.004835,-0.000415,-0.000178,-0.015413,0.001565,0.001924,0.01698,-0.011032,0.002088,0.007739,0.043596,0.006,-0.005571,0.000622,-0.007634,0.009858,-0.004571,0.003571,-0.009489,0.003022,0.018819,-0.011384,-0.013604,0.00475,0.000285,0.001651,-0.023477,0.015717,-0.004126,0.010704,-0.005751,0.000687,0.001717,-0.003313,-0.010375,-0.00278,-0.013707,-0.00477,0.008047,-0.015931,-0.002638,0.024468,0.012147,-0.010494,0.007617,0.002442,-0.008005,0.001286,-0.023828,-0.000957,-0.013474,0.004856,0.002356,0.00904,0.008601,-0.009593,-0.005321,-0.003186,0.001085,0.018674
90215,0.017743,-0.004157,0.013146,-0.025212,0.000252,-0.000568,-0.009466,0.020832,0.003058,-0.000124,-0.003858,-0.008745,-0.02111,0.004184,0.017758,0.015558,-0.010358,0.022123,0.017598,-0.003615,-6e-05,-0.019353,-0.001973,0.009331,-0.005143,-0.034462,-0.000255,-0.003506,0.023223,-0.042454,0.032126,-0.019042,0.022056,-0.024672,0.009122,-0.001282,0.01194,-0.02493,0.005205,0.004401,-0.014821,0.018118,-0.027303,-0.041675,0.039352,0.050594,0.005491,0.012303,-0.052583,-0.017279,0.007526,0.000397,-0.008788,0.001867,0.001996,0.023574,0.019852,-0.00229,-0.027289,-0.021107,-0.002009,0.011071,0.006902
62092,0.009024,-0.004997,0.007096,-0.006179,0.005235,0.00698,-0.002227,0.00378,0.005953,0.000499,-0.01101,-0.038658,-0.034929,0.008815,-0.002656,0.018642,-0.008942,0.030547,0.013615,-0.002562,0.018091,-0.00346,0.004774,0.002988,0.001148,-0.026025,-0.00438,-0.005582,0.000669,-0.030091,0.024169,-0.016268,0.015131,-0.019811,0.004508,0.009319,0.023741,-0.002356,0.002878,-0.019941,-0.006082,0.012162,-0.003732,-0.006368,0.01014,0.025451,0.00535,0.019655,0.007349,0.004546,0.000596,0.004242,-0.003424,0.002349,0.011436,0.012379,0.001913,0.003818,0.003702,-0.006835,-0.004429,0.00527,-0.000306
87055,0.008466,-0.015111,0.008233,0.007918,0.006015,0.002644,-0.006531,0.002858,-0.017792,0.002943,0.018103,-0.004019,0.000897,0.001018,-0.009723,0.008874,0.009691,-0.009518,-0.007248,0.001887,0.005117,-0.016047,0.004553,0.007953,-0.001594,-0.016583,0.00483,0.011519,0.014581,-0.020646,0.003348,0.007992,0.011321,0.003678,0.002215,0.004138,-0.00168,-0.003928,-0.004949,-0.004003,-0.022817,0.003531,-0.008115,0.006219,0.018833,0.009568,0.013107,0.019108,0.003281,0.001012,0.000467,0.009641,0.001694,0.00492,0.005011,0.003502,0.013995,-0.004563,0.002405,-0.001537,-0.007321,0.004425,-0.00497
93002,0.016893,-0.00896,0.003795,-0.007232,0.00755,0.000657,-0.003383,0.01338,0.006179,0.024628,-0.001987,0.006637,0.006374,-0.005959,-0.011362,0.002032,-0.00415,-0.007985,-0.004522,0.007442,0.018163,0.00157,-0.009658,-0.000348,-0.013113,-0.013737,-0.012692,0.002208,-0.000329,-0.034807,0.029382,0.007848,-0.023261,-0.024892,-0.059678,0.010052,-0.022192,-0.033913,-0.015956,-0.005704,-0.001415,0.009838,-0.019406,0.00612,0.049451,7.5e-05,0.026607,0.007625,0.019427,0.01167,-0.013228,0.006721,-0.05568,0.00015,0.045419,-0.002014,0.005622,-0.008636,0.019015,-0.009635,0.017829,0.015172,0.007525
17830,0.033362,-0.009685,-0.004473,0.010586,0.007687,-0.001197,-0.009808,-0.004461,0.008811,0.018672,-0.005543,0.005871,0.003325,0.008911,-0.000657,0.022716,-0.003071,0.001003,0.007515,0.009518,0.003448,-0.007222,-0.012572,0.01309,-0.010097,-0.033952,0.012035,-0.001532,0.002265,-0.037982,0.015308,0.0,0.014965,-0.011091,-0.002019,0.019104,-0.004558,-0.03663,0.007282,-0.011263,-0.003464,-0.008265,-0.016355,0.004434,0.019786,0.015382,0.00236,0.003645,-0.031328,-0.039606,0.009191,0.005964,0.003926,-0.00854,0.019239,0.001106,0.025797,-0.009844,0.011107,-0.008911,-0.009766,0.009471,0.009537
14008,0.009422,0.003442,0.002546,-0.003058,0.016014,-0.002712,-0.00975,0.004716,-0.00918,-0.003592,-0.001149,-0.016475,-0.029673,-0.027402,-0.006255,0.019279,-0.008122,0.012227,0.005485,-0.001653,-0.010211,-0.017734,0.002044,0.004589,-0.00141,-0.018017,-0.009892,0.004182,-0.0059,-0.024731,0.001253,0.012276,0.00883,-5.9e-05,-0.008946,0.00772,0.009488,0.004729,-0.004823,-0.014187,0.001954,-0.000828,-0.013843,0.033953,0.01375,-0.00103,-0.000573,0.006076,0.000399,-0.005468,0.005612,0.006321,-0.003565,0.013119,0.01805,0.006387,0.007167,0.01646,-0.012185,-0.00211,-0.006886,0.004641,0.001413
50876,-0.005472,0.002092,-0.017553,-0.011334,0.010986,0.001339,0.000629,-0.000393,-0.016039,-0.0167,0.008289,-0.033204,-0.028843,-0.011159,0.002344,0.017494,0.004341,0.001949,0.013871,-0.002252,-0.021405,0.00974,0.002369,-0.013085,-0.002224,-0.014659,0.011397,-0.003871,0.003627,-0.015918,0.004984,0.005916,0.015179,-0.006168,0.001896,0.003011,0.012009,-0.009917,-0.000171,-0.008819,-0.002332,0.00355,0.000345,0.007159,0.006765,-0.004593,0.004102,0.007234,-0.037347,-0.015097,0.027003,-0.029677,-0.000715,0.014856,0.011023,0.005059,0.002864,-0.000606,0.001212,-0.002335,-0.034848,0.001168,-0.0061
13721,0.002358,0.028349,0.00012,-0.00325,0.007729,0.006351,-0.015361,0.003144,-0.014225,0.000978,0.003095,-0.01012,-0.027802,-0.005258,0.007477,0.006526,0.000127,0.008517,0.004537,0.007528,-0.011333,-0.006298,-0.005324,0.003058,0.006988,-0.016528,0.000513,-0.001026,-0.005904,-0.007489,0.020424,0.004334,0.009139,-0.000503,0.004531,0.01328,0.008778,-0.005393,-0.013432,-0.025356,0.000384,-0.005765,-0.011597,-0.013167,0.013871,0.004039,0.00013,0.004671,-0.006199,0.015855,0.005117,0.004836,-0.003293,-0.000508,-0.005086,-0.008179,0.009406,0.005617,-0.004189,-0.162524,0.035008,0.029412,0.038857
15579,0.024229,0.015096,0.022398,0.004346,0.003444,0.013993,-0.011109,0.008601,-0.000348,0.016365,-0.014303,0.011122,-0.006617,-0.000779,-0.004848,0.01244,0.017615,-0.010639,0.000341,-0.004351,0.009683,-0.01307,0.010061,0.006641,-0.013706,-0.016658,-0.012025,-0.003642,0.004012,-0.048757,0.018019,0.011464,-0.009792,-0.022159,-0.01929,0.021675,-0.002056,-0.008897,-0.007276,-0.017609,0.009108,0.012386,-0.010717,0.008245,0.037558,0.003299,0.006485,0.008894,0.013133,0.002664,-0.022935,0.007613,-0.034808,-0.005498,0.04048,0.002342,0.012668,-0.00346,0.00365,-0.011088,0.026462,0.012497,-0.009494
57665,0.012113,-0.01009,0.001185,0.009589,0.001407,-0.007845,-0.005311,0.007119,0.001414,0.014588,0.006841,0.011171,0.010592,0.005297,-0.020628,0.000801,0.01098,-0.00939,0.008566,-0.000566,-0.004872,-0.021974,-0.007334,0.005043,-0.024854,-0.012325,0.002786,0.002537,0.01169,-0.016915,0.013813,0.004064,0.003214,0.003441,-0.020338,0.009535,-0.005261,-0.006731,-0.005808,-0.011685,-0.028695,0.004945,-0.023972,0.01063,0.046947,0.013477,-0.003264,0.011644,-0.009951,0.008234,-0.007567,0.01186,-0.002033,-0.01594,0.026672,-0.008897,0.020227,0.005983,-0.014577,-0.022249,-0.000847,0.013446,0.003466
59176,0.021958,-0.006267,-0.003964,-0.000452,0.007628,-0.002343,-0.007678,0.002822,-0.002814,0.00965,-0.003426,0.012214,-0.001073,0.01709,-0.011789,0.0146,0.000439,0.016313,0.014843,-0.007143,0.004025,-0.001791,0.001966,0.01791,-8.4e-05,-0.009385,-0.006175,-0.001958,0.010234,-0.021611,0.009577,0.005555,0.018528,-0.006425,0.006467,0.005925,-0.004479,-0.013166,0.009119,-0.011213,-0.009816,-0.002308,-0.017389,-0.000785,0.019456,0.010869,0.01109,0.014067,0.012798,0.004647,-0.009738,-0.001393,0.001149,-0.004508,0.016303,0.010127,0.001925,-0.001521,-0.00473,-0.007894,0.003491,0.002832,-0.004034
21178,0.013759,-0.003911,-0.019235,0.008074,0.009711,0.010179,-0.009749,-0.011762,0.02163,0.013449,-0.003197,0.004373,0.001419,0.01211,0.003182,0.056588,-0.008946,-0.003787,-0.001642,0.000792,0.014425,-0.00444,0.002109,0.004571,0.004939,-0.014357,0.009912,0.015501,0.005864,-0.017519,0.002385,-0.006009,0.015682,-0.004125,0.011894,0.005672,-0.007705,-0.003604,-0.003793,-0.002627,0.004291,0.007721,-0.003568,0.017812,0.013872,0.009589,-0.00051,0.007688,-0.010219,-0.021502,0.004273,0.010333,0.003037,-0.004141,0.013852,0.006251,0.019875,-0.009482,0.001725,0.001611,-0.00294,-0.00114,0.012393
49680,-0.001515,-0.001517,-0.004938,-0.003818,0.008584,0.002736,-0.000909,-0.002503,-0.000532,0.001522,-0.008585,-0.017778,-0.025745,0.015135,0.000789,0.007173,0.011896,0.00843,0.004141,0.002979,0.008529,-0.006645,0.014822,0.008014,-0.00587,-0.022872,0.007573,-0.002885,0.002589,-0.016859,0.009964,0.002294,0.009309,-0.008846,-0.00595,-0.000844,0.01175,-0.000835,0.003115,-0.014465,0.001153,0.01658,-0.003247,-0.000682,0.004018,0.013213,0.005365,0.019271,0.003272,-0.000435,0.006236,0.004684,0.001506,-0.002005,0.011912,0.01085,0.007787,0.000557,-0.010993,0.000352,-0.009072,0.0088,0.006621
77702,-0.005112,0.004191,0.000808,0.000269,0.009146,0.002266,-0.001064,0.004792,0.005167,0.010281,-0.006393,-0.00604,-0.007662,0.012513,-0.008677,0.007825,0.005264,0.009425,0.004409,-0.006972,0.010012,-0.00206,-0.000645,0.007487,0.000128,-0.001281,0.005772,-0.001922,0.006675,-0.022188,0.004956,0.009084,0.014661,0.000127,-0.028514,0.011349,-0.003611,-0.010874,-0.003403,-0.005909,-0.005548,0.011823,-0.001444,0.002104,0.030176,0.018339,0.018009,0.013268,-0.006668,0.00537,0.006799,0.005064,0.010678,-0.014482,-0.001205,0.010733,0.0105,-0.010273,-0.002028,0.007173,-0.010326,0.002159,0.003231
86580,0.015148,0.00395,0.03071,-0.001909,0.014289,0.004399,-0.013192,0.015006,-0.002915,-0.007988,-0.027946,0.019004,-0.004888,-0.005286,0.011648,0.011673,0.002622,-0.022284,-0.047189,0.006963,0.009312,-0.002928,0.015072,-0.000983,-0.017267,-0.037476,0.004679,-0.021447,-0.00805,-0.061426,0.022657,-0.015181,0.003823,-0.022848,-0.030537,0.021812,-0.018445,-0.032063,-0.01473,-0.012539,-0.020861,-0.007624,-0.026238,-0.012402,0.068919,-0.012028,0.017695,0.011963,0.020137,0.01563,-0.030182,0.01409,-0.024417,0.002696,0.054127,0.00157,0.0064,-0.015185,0.00593,-0.00773,0.05136,0.024928,0.006126
22592,0.020021,0.000896,0.004714,0.008915,0.001767,-0.001811,-0.014231,0.000708,0.006695,0.018218,-0.007313,0.004958,0.003412,0.005698,-0.001553,0.004393,-0.001913,-0.12945,0.004981,-0.007617,-0.00368,-0.018152,-0.007094,0.002544,-0.01177,-0.021416,-0.002959,-0.018534,0.003309,-0.010179,0.006549,-0.006221,-0.013267,-0.015831,-0.016796,0.006316,0.014585,-0.014316,0.001326,-0.016497,-0.011938,-0.005081,-0.005169,0.001815,0.026556,-0.002678,0.00531,0.011474,0.010083,0.003684,0.000592,-0.000947,-0.012792,0.00054,0.030459,-0.006459,0.018682,-0.003392,0.000173,-0.007786,-0.000872,-0.002211,0.010729
24205,-0.014639,-0.005302,-0.000897,-0.004807,0.008917,-0.007576,0.005672,-0.005746,0.007528,0.004262,0.001624,-0.008579,0.000686,-0.001529,0.005387,-0.003099,0.001423,0.00221,0.006457,0.000313,0.013923,-0.006017,-0.00802,0.003599,-0.007848,-0.006024,-0.009855,0.003885,0.016701,0.016531,-0.000154,-0.000205,0.011547,0.009487,0.00186,-0.002257,0.015234,0.007924,-0.000786,-0.010818,-0.012179,0.001107,0.002614,0.006912,-0.001002,0.026432,0.005424,-0.006658,-0.004746,-0.007128,0.012774,0.001076,0.010695,-0.002851,-0.004603,0.003992,0.000679,0.005669,0.003132,-0.00951,-0.015275,0.007288,0.001516
77178,0.013677,0.004843,-0.007058,0.003121,0.002247,-0.003966,-0.00554,-0.019325,-0.007634,0.018784,0.004039,0.232074,0.122498,0.010243,0.026036,0.057948,0.001268,-0.02027,0.018455,0.007041,-0.012837,0.002787,0.008915,0.024673,-0.011648,-0.034561,-0.007746,-0.00899,0.024588,-0.022717,0.026702,0.001509,-0.039995,-0.015819,-0.059877,0.014748,-0.108553,-0.015222,-0.029961,-0.012687,0.005966,0.012622,0.003454,-0.002394,0.026853,-0.011834,0.008505,0.016275,0.026933,0.009923,-0.023161,0.004886,-0.017303,0.005675,0.041239,-0.002223,0.013092,-0.000275,0.006051,-0.008338,0.033081,0.006404,0.008485
12060,0.011011,0.013861,-0.013672,-0.006931,-0.001994,-0.051948,-0.028451,-0.006508,-0.004367,-0.013158,-0.002222,0.017818,-0.002188,0.025219,-0.003209,0.001073,-0.001072,-0.021459,0.049342,0.016719,0.045221,-0.006883,0.014851,0.02439,-0.006667,-0.030681,0.004946,-0.011811,0.008964,-0.025666,0.045593,-0.005814,-0.012671,-0.012833,-0.012,0.008097,-0.006024,-0.034343,-0.011506,-0.009524,0.001068,0.010672,-0.003168,0.009534,0.049318,-0.011,0.003033,0.006048,0.007014,0.006965,0.01581,0.002918,-0.00776,-0.017595,0.036816,-0.007678,0.028046,-0.014111,-0.019084,-0.005837,0.004892,0.012658,0.010577
13901,0.005224,-0.018015,-0.047804,0.011486,0.003114,0.009312,-0.003075,0.005625,0.010105,0.010361,0.006718,-0.009659,-0.003724,-0.032218,0.004414,0.003845,-0.002007,-0.060318,0.026843,0.013639,0.015324,-0.017302,-0.004308,0.011287,-0.004278,-0.011022,-0.018512,0.000577,0.002308,-0.012858,0.008748,0.004625,-0.001918,0.00615,-0.000382,-0.00879,0.018508,-0.000379,-0.007764,-0.048283,0.006417,0.000398,-0.022904,0.021199,0.006387,-0.014478,0.021332,0.012414,-0.003309,0.018356,-0.010738,0.008141,-0.006835,0.0,-0.01455,-0.004389,0.007214,-0.044966,0.010208,0.005981,-0.01722,-0.000834,-0.011482
12308,-0.001989,0.001184,-0.003635,0.001013,0.016545,0.007683,0.001186,-0.000592,0.00254,0.002252,0.003623,0.001987,0.010166,-0.006414,-0.003673,0.00162,0.005214,0.017365,0.009243,0.002215,0.000593,-0.000404,-0.001698,0.019627,-0.003707,-0.004093,-0.006458,0.005399,0.00951,-0.023817,0.011548,0.010827,0.013256,0.011042,-0.023602,0.005089,-0.00298,-0.006797,-0.001358,0.005333,-0.004324,0.010257,-0.006382,0.002256,0.026533,-0.006991,0.006105,0.017376,0.003477,-0.009534,-0.001226,-0.003681,0.006056,0.005076,0.002893,0.006427,0.002564,-0.010231,-0.005701,-0.003899,-0.00683,0.008165,0.009632
77274,0.013383,0.005464,0.006341,0.0027,0.010473,-0.002369,-0.019145,0.019822,-0.016172,-0.015533,0.002298,-0.013602,-0.019988,-0.004743,-0.017157,0.018911,-0.003807,0.021338,0.015747,-0.00353,0.001848,-0.002614,0.006629,0.028024,0.008342,-0.019058,-0.00497,0.000908,-0.008468,-0.021351,0.014181,0.00338,0.007351,0.008817,-0.007535,0.010021,-0.000301,0.010075,-0.004169,-0.043654,-0.009379,-0.000473,-0.017209,0.022169,0.010844,0.001866,-0.011018,0.02542,0.011783,-0.000303,0.010287,0.012579,-0.009404,0.011151,0.016393,0.00088,0.004541,0.011813,-0.007783,-0.005229,-0.026285,0.005999,0.007156
66157,0.018261,0.001427,0.005698,0.007487,-0.001808,0.003622,-0.013232,0.001625,0.006288,0.012296,-0.006571,0.007817,0.007757,0.010657,-0.000195,0.00957,-0.000193,0.003096,0.009645,0.01261,0.006038,-0.003938,0.001318,0.005641,-0.002618,-0.014623,-0.006469,-0.001915,0.000959,-0.026069,0.004723,-0.005093,0.013979,0.001165,0.003103,0.00348,-0.000963,-0.013115,0.003127,-0.012858,-0.001381,-0.003953,-0.003968,0.010558,0.029174,0.005746,0.004951,-0.001895,0.004367,0.005293,-0.009214,0.0,-0.001329,-0.021095,0.013201,-0.001341,0.000767,0.001917,0.000765,-0.004971,-0.001153,0.007118,0.00808
86783,0.008207,0.002456,0.006453,0.003194,-0.006262,0.01089,0.003215,0.006425,0.006971,0.007962,0.007179,-0.002454,-0.001037,0.002457,-7.6e-05,0.02362,-0.010833,-0.000546,0.000932,0.004454,-0.011368,-0.013731,-0.011763,0.008888,-0.012916,-0.008614,-0.018695,-0.008906,0.054043,-0.02874,0.009233,-0.002364,0.007757,-0.008884,-0.019616,0.011391,-0.015331,-0.016097,-0.004922,-0.013275,7.1e-05,-0.007628,-0.010065,-0.003478,0.058511,0.010286,-0.005745,0.013352,0.001591,0.012638,-0.002622,0.005904,-0.018801,0.003329,0.015482,0.018281,0.01045,0.010041,-0.004888,-0.013545,-0.008263,0.008168,0.016009
61399,-0.004933,0.008997,0.018379,0.012419,0.014649,0.007045,-0.022886,0.00548,0.012043,0.009815,0.007913,-0.00128,0.000769,-0.028859,-0.002725,0.005201,0.003787,-0.003246,-0.009859,-0.002312,0.008198,-0.021566,0.012737,0.00223,-0.008989,-0.037988,-0.003641,-0.004123,0.003293,-0.018567,0.010415,0.017683,0.009013,0.00396,0.001651,0.017399,-0.118452,-0.03206,0.006013,-0.036699,0.014804,0.006972,-0.006391,0.006003,0.031863,-0.00599,-0.000104,0.005403,-0.004651,0.000415,-0.000208,0.023773,0.010241,0.004517,-0.007694,-0.00584,0.027449,-0.005915,-0.018048,-0.008079,0.010385,0.001209,0.0156
18542,0.035132,-0.000428,-0.006634,0.006247,0.001641,-0.003847,-0.024818,0.008654,0.009743,0.016778,-0.006728,0.012692,0.004999,0.010369,-0.006836,-0.002458,-0.030275,-0.011617,0.021303,-7.2e-05,0.002877,-0.009109,-0.021571,0.028779,-0.01654,-0.022594,-0.012868,-0.005684,0.001067,-0.045988,0.017318,-0.001334,-0.00542,-0.030408,-0.002688,0.020583,-0.011124,-0.010521,0.005235,-0.010659,-0.000905,0.002963,-0.016661,0.007011,0.011853,0.008519,0.002193,0.008672,0.010284,0.012248,-0.001414,0.000551,0.000472,0.000707,0.023641,0.002148,0.023122,0.001946,0.003585,-0.004912,0.01077,0.00259,0.00583
89006,-0.004607,-0.001006,0.001813,-0.001609,0.000604,-0.001409,0.000605,0.001209,-0.000604,0.002416,0.009841,-0.003182,0.002195,-0.002787,0.001797,0.003587,0.000397,-0.007344,0.005599,0.004772,0.006333,0.015536,-0.003098,0.005439,-0.003091,-0.011434,0.0,0.006665,0.010127,-0.01311,0.0084,0.004068,0.018715,-0.010795,0.001149,-0.002104,-0.001725,-0.00096,0.001729,-0.022252,0.003728,0.001759,-0.007805,0.013963,0.011249,0.015343,0.009822,0.010475,0.003147,-0.003691,0.010372,0.001833,0.007319,-0.00545,-0.00347,0.009164,0.007265,-0.003787,0.001448,0.002711,-0.018385,-0.001469,-0.004065
73139,-0.007189,-0.004743,-0.001691,-0.0058,0.007898,0.002561,0.001175,0.000867,-0.00413,-0.013618,0.003893,-0.022645,-0.046551,0.000111,0.01054,0.026351,-0.01027,0.011511,0.00593,-0.005258,0.00865,-0.011699,0.011516,0.009849,0.001625,-0.01827,0.002773,-0.000213,-0.003776,-0.016551,-0.000109,0.00809,-0.000215,-0.008027,0.000923,0.006185,0.002696,-0.007798,0.001463,-0.0151,-0.003297,0.013067,-0.002775,-0.001201,0.018741,0.014428,0.014169,0.012929,0.009367,-0.00668,0.012012,-0.001877,-0.006657,0.004707,0.009114,0.011656,0.013916,-0.002755,0.008682,-0.003325,-0.007017,0.00341,0.015009
86868,0.024741,0.003863,0.017013,0.006821,0.000742,0.000791,-0.00948,0.011764,-0.000739,0.024701,-0.038154,0.009654,0.030024,-0.009572,-0.006362,-0.002248,-0.017635,0.004288,0.008342,0.018909,-0.004833,-0.005779,0.00127,0.012342,-0.005253,-0.018408,-0.008291,0.003384,0.002083,-0.035041,0.006719,0.000611,0.013951,-0.008587,-0.000962,0.009481,-0.01803,-0.018157,0.005365,-0.018446,-0.002851,-0.003616,-0.026045,0.003836,0.03652,-0.007584,0.00727,0.0,0.022707,0.003142,-0.02316,0.006466,0.001097,-0.004331,0.021747,0.003385,0.000307,0.001226,0.007911,-0.007241,0.004845,0.011725,0.02649
19393,-0.012995,-0.008282,0.003854,0.004266,-0.000643,0.003216,-0.017311,-0.001957,0.004358,-0.011282,0.020408,-0.010323,-0.004781,-0.006114,-0.006151,0.001768,-0.015446,0.02286,0.005478,0.00937,0.002375,0.003231,0.006441,0.037116,-0.010695,-0.018295,0.004871,-0.004636,-0.004658,-0.023612,0.000218,0.015683,0.010508,-0.00573,-0.011526,0.024185,0.006536,-0.009217,-0.010359,-0.020295,-0.010467,0.011018,-0.011116,0.016531,0.011058,0.0,-0.010294,0.013001,-0.015829,0.018692,0.016215,-0.006299,0.004859,0.013667,-0.008712,0.017158,0.00576,0.009204,-0.074179,0.00197,-0.018571,0.004007,0.005543
69032,0.031517,0.003905,0.015561,0.012393,-0.000668,0.001782,-0.016007,0.004293,0.007874,0.042188,-0.013065,0.020399,0.026372,-0.014712,-0.005468,0.001269,0.000634,-0.0019,0.012688,0.018167,-0.004333,-0.014093,0.005045,0.005229,-0.007283,-0.02096,-0.003854,-0.001719,-0.002368,-0.046612,-0.003848,-0.002499,0.008656,-0.009033,-0.000228,0.011853,-0.020275,-0.017935,0.005853,-0.018389,0.000474,-0.008533,-0.027253,0.000983,0.042966,-0.001177,0.008956,-0.00257,0.013817,0.008778,-0.024044,0.007743,-0.003027,-0.00724,0.019525,-0.004615,0.007418,0.002761,-0.011703,-0.009519,0.007736,0.011631,0.007358
89179,0.004704,-0.000451,-0.001874,0.012306,0.007246,-0.01299,0.002073,-0.007101,-0.040793,-0.084838,0.039668,-0.067521,-0.036226,0.014265,0.018279,0.027213,0.001436,0.019562,0.040991,-0.000413,-0.012242,-0.008782,0.003337,0.000421,0.026748,-0.014179,-0.000906,0.00529,0.008495,-0.026499,0.000498,-0.010255,0.019989,0.004738,0.004678,0.040367,0.000289,0.002093,-0.001692,-0.017998,0.012158,0.008165,0.000576,-0.00554,0.012191,-0.010328,0.002094,0.005153,0.014418,0.004643,-0.008291,0.01423,0.000772,0.007465,0.003061,0.009503,0.00055,0.008687,-0.010995,-0.018415,-0.022232,0.012839,-0.000744
87267,0.025786,-0.004425,0.006003,0.006309,0.007378,0.002337,-0.014188,0.006707,0.007566,0.018471,-0.00548,0.032488,0.002036,-0.00385,-0.003586,0.021572,0.012953,-0.011913,0.009548,0.001795,0.011254,-0.012592,-0.005677,0.012783,-0.012705,-0.02645,0.003666,-0.002685,-0.002628,-0.043672,0.006956,-0.003364,0.006481,-0.0127,-0.007859,0.008149,-0.005706,-0.011955,0.00431,-0.014802,-0.003214,-0.003131,-0.025856,0.010444,0.034842,0.015925,0.002465,0.01111,-0.000675,-0.001555,0.007064,0.004549,-0.002922,-0.015325,0.020881,0.012553,0.023365,0.005713,-0.010337,-0.010876,0.005672,0.007636,0.010377
87447,0.024074,-0.006554,0.005894,-0.003323,0.003159,-0.003149,-0.009301,0.001506,0.003626,0.008547,-0.007164,0.00264,0.004827,-0.00297,-0.004643,-0.000176,0.007306,-0.081272,-0.011224,0.008562,0.013163,-0.015063,0.008507,0.010805,-0.019034,-0.024183,-0.002351,-0.0108,-0.001191,-0.01272,0.004127,0.017843,-0.002265,-0.009377,-0.008853,0.009034,-0.019213,-0.013641,-0.003327,-0.018571,0.007441,0.010341,-0.029556,0.013022,0.037501,0.005632,-0.002138,0.002347,0.018935,-0.000799,0.0039,0.016135,-0.003921,-0.002165,0.007396,-0.005776,0.018117,-0.011896,-0.02398,-0.025973,0.029239,0.017305,0.015438
44644,0.014586,-0.003887,-0.002106,-0.010925,0.006276,0.000748,-0.004861,0.004634,0.007792,0.010144,0.002266,-0.009409,0.004379,-0.002518,-0.003263,0.019332,-0.009331,0.002202,-0.000976,-0.004337,0.008589,-0.042034,0.005969,0.011173,0.000375,-0.011856,0.005305,0.008669,0.002865,-0.023412,0.007949,0.005426,0.013553,0.001176,-0.00235,0.010289,0.00227,-0.013711,0.004468,-0.000741,-0.011501,0.006505,-0.00491,-0.025731,0.022115,0.020069,0.010145,0.015946,0.004613,-0.015386,0.000666,0.000121,0.006628,0.002416,0.01374,0.000178,0.008083,-0.008549,-0.002379,-0.013352,-0.016312,0.007309,0.008048
17005,0.004821,-0.038014,0.012661,0.011555,0.01236,0.001665,-0.007941,0.002792,-0.021905,0.002278,0.0267,-0.005902,-0.025232,0.001713,0.0057,0.010109,-0.000566,0.005668,0.005636,0.008593,0.007224,0.054248,-0.010466,-0.001234,-0.001059,-0.022085,0.007046,-0.006997,-0.003433,-0.024293,-0.015793,-0.003398,-0.009282,0.01109,0.002269,0.009811,0.00355,-0.017129,0.005304,-0.006972,-0.003416,0.004379,-0.007204,0.019477,0.023038,-0.026547,0.017679,-0.003511,0.020586,-0.019262,-0.005744,0.017331,-0.007694,0.00683,0.0022,0.004208,-0.018583,-0.004084,-0.009506,0.010162,0.000373,0.019367,-0.004567
89626,0.01197,0.009126,0.002201,0.005462,0.00431,0.013522,-0.009455,-0.004099,0.002823,0.013956,0.002776,0.002999,0.017249,-0.003165,-0.008959,5.7e-05,0.008124,0.010215,0.005618,-0.008268,0.007717,-0.020123,-0.014261,0.006424,0.02438,-0.000224,0.000618,0.010044,0.016277,-0.003498,0.005431,-0.007965,0.00528,0.005799,0.009736,0.00501,-0.00402,0.005274,0.005996,-0.003512,0.017409,0.009658,-0.001248,0.004581,0.010156,0.025236,0.005053,0.009806,0.005294,-0.021803,0.000654,-0.01076,0.00183,-0.011821,0.005391,0.00766,0.007602,-0.00684,0.004862,-0.000504,-0.031717,0.009738,0.001083
13928,0.014234,-0.019796,-0.01266,-0.005343,0.014733,0.006503,-0.012772,0.01933,-0.008959,0.015067,-0.015289,-0.007537,-0.000911,0.001824,0.016085,-0.007617,-0.026336,-0.011283,-0.018603,-0.002071,0.007502,-0.007129,-0.02202,0.011747,-0.002096,-0.014221,0.007049,0.001791,0.011131,-0.011789,0.018467,-0.004493,0.008543,-0.007512,0.005636,0.018735,-0.008959,-0.056305,0.006387,0.002839,0.001499,-0.019787,0.00017,0.007802,-0.005385,-0.034179,0.019622,0.013058,0.005088,-0.008944,-0.003065,0.008711,-0.004064,0.00323,0.013896,-0.003009,0.017603,-0.006096,0.003149,-0.012393,0.049858,-0.023586,-0.004407
39642,0.006647,-0.002586,-0.005384,0.008822,-0.001232,-0.001154,-0.004861,0.009849,-0.001982,-0.019942,-0.002067,-0.025102,-0.058954,0.008943,-0.012506,0.013331,0.019558,0.021204,0.002906,-0.005921,0.017025,-0.021143,0.004328,0.005155,0.002648,-0.025029,-0.000946,-0.01089,-0.019147,-0.007586,-0.0038,0.011533,0.002307,0.010756,0.004379,0.020099,0.007309,-0.007128,0.005085,-0.004379,-0.000683,0.013675,-0.015852,-0.003341,0.011003,0.017601,-0.008188,0.007396,0.007677,-0.01328,-0.000211,0.000295,-0.01215,0.000128,0.01012,0.007102,0.028878,0.008894,0.010837,-0.007041,-0.000443,0.004192,0.011479
78975,0.016602,0.009445,0.003057,-0.023971,-0.003541,-0.003592,-0.005331,0.000734,0.00193,0.001811,0.003153,-0.011078,-0.006667,0.005853,0.014819,0.015635,-0.006173,-0.000758,-0.038887,-0.02307,0.013442,-0.028718,0.008612,0.011832,-0.001527,-0.01638,-0.001187,-0.011552,0.0138,-0.031476,0.017136,0.008922,0.018138,-0.008483,-0.00717,0.009808,0.005892,-0.025128,0.067009,-0.006913,-0.023778,-0.006169,-0.01302,-0.02769,0.03793,0.020316,0.004284,0.016864,0.011846,-0.014548,0.002571,-0.000777,-0.011898,0.0024,0.013661,0.017156,0.015268,-0.019313,0.003174,-0.018488,-0.003845,0.005809,0.012946
11552,-0.006784,-0.002775,0.004388,0.005541,0.004557,0.00211,-0.009579,0.002551,-0.00106,-0.000955,0.010198,-0.005783,-0.002644,-0.005726,-0.003626,0.002676,-0.006085,0.008808,0.003194,0.004033,0.000634,0.003803,0.002,0.01754,-0.004232,-0.01047,0.002619,-0.002508,0.000419,-0.015286,0.001063,0.008603,0.005792,-0.000942,-0.006183,0.014974,0.001143,-0.007576,-0.004078,-0.00945,-0.005194,0.007672,-0.008248,0.008743,0.007716,0.001364,-0.002933,0.008929,-0.007809,0.007136,0.006148,-0.001243,0.000726,0.008186,-0.001542,0.006999,0.003067,0.007949,-0.055,-0.002996,-0.00837,-0.000649,0.000975
27959,-0.008,-0.00168,-0.003141,0.005627,0.013207,-0.004639,0.001554,-0.003435,0.003558,0.002105,-0.00011,-0.014927,-0.000337,0.000898,-0.004599,0.003156,0.007527,0.008586,-0.001437,-0.008193,0.017191,-0.007792,-0.006637,0.003897,-0.007542,-0.002459,-0.016357,-0.011048,0.013359,0.000682,-0.011812,-0.002528,0.00435,0.011132,-0.002752,0.00138,0.008383,0.012413,-0.001012,-0.019029,-0.015037,-0.003263,0.000935,0.004789,-0.001395,0.015367,0.005618,-0.007639,-0.008617,-0.007533,0.011794,0.001385,0.012677,0.00091,-0.008073,0.0047,0.01061,0.010725,0.004244,0.002336,-0.023746,0.006479,-0.003501
40539,0.0,-0.002443,0.001695,0.020312,-0.002581,0.004066,-0.009387,0.01152,-0.010103,0.001485,0.005003,0.004609,0.010461,0.00109,-0.012881,0.014336,0.004167,-0.006135,-0.000363,-0.005085,0.001826,-0.017128,0.009455,-0.007714,0.002961,-0.014209,0.011045,-0.003148,0.007429,-0.032448,0.001906,-0.00019,0.006687,0.006643,-0.00132,0.005475,-0.028915,0.008507,-0.010353,-0.030027,-0.006791,0.01669,-0.00534,-0.007954,0.016236,0.009073,-0.005082,0.020039,-0.005585,0.008329,0.001345,0.013236,0.009845,0.004125,0.005041,0.005759,-0.005726,-0.016719,-0.002834,0.005116,-0.00377,0.000568,0.0
91937,0.012591,-0.00343,-0.010469,0.015217,0.004283,0.012509,0.002667,0.010361,0.011641,0.009726,0.001085,0.004201,-0.022132,0.017803,-0.000407,0.000407,-0.005695,-0.008455,0.002888,0.009325,-0.008288,0.008083,0.000408,0.015351,-0.003746,-0.006178,-0.018514,0.022305,0.013199,-0.02406,0.002452,0.013995,0.01005,-0.000133,0.038742,-0.014561,-0.010369,-0.004453,0.016577,-0.017601,0.002898,-0.001314,-0.034066,0.010349,0.020081,0.007927,-0.004457,0.01422,-0.004674,-0.015782,-0.00106,-0.012338,0.006044,0.00494,0.015544,0.024071,-0.004471,-0.028616,-0.002114,-0.012709,-0.020649,0.003423,0.011598
64936,0.000391,0.003651,-0.00013,-0.00078,0.007412,-0.010327,-0.003652,-0.007331,0.006198,0.001835,0.003009,-0.020217,0.001997,-0.00465,-0.002936,0.01004,0.011133,0.003408,0.003135,-0.008074,0.022319,-0.009375,-0.002074,-0.002468,-0.016929,-0.005961,-0.016391,-0.006774,0.017051,0.013949,-0.01336,-0.004022,0.013865,0.003717,0.005952,0.008941,0.00782,0.009311,-0.004228,-0.018914,-0.013508,-0.012098,0.011708,0.010375,0.000132,0.021588,-0.004413,-0.007335,-0.004882,-0.020021,0.01583,0.013186,0.007756,-0.003131,0.000131,0.009682,0.00311,0.012143,0.011104,-0.006564,-0.028463,0.003401,0.007821
60442,0.034649,-0.001182,0.000394,0.012696,-0.003971,0.00258,-0.011229,0.003864,0.011234,0.03092,-0.0052,0.015947,0.005407,-0.00508,0.005256,0.002315,-0.000224,0.000522,0.013781,0.00676,-0.000584,-0.012561,0.005399,0.008533,-0.006054,-0.024363,-0.007221,-0.000379,0.00379,-0.030127,0.010199,-0.008323,0.018806,-0.006712,0.008601,0.005634,-0.000454,-0.015528,0.015388,-0.017656,0.003008,-0.010921,-0.010497,0.013437,0.034349,0.006372,-0.003724,-0.006505,0.011288,0.005953,-0.007989,-0.002759,0.011067,-0.019747,0.01426,-0.008778,-0.002627,0.002032,0.003755,-0.002319,0.0021,0.007632,0.019456
62148,0.025127,-0.00678,-0.012602,-0.005584,-0.00508,0.016125,-0.012298,0.005088,0.004396,0.016711,-0.010305,0.000264,0.04019,0.00038,-0.001899,0.002537,0.003797,-0.009834,0.008021,0.002526,0.003276,-0.006279,-0.00278,0.020403,-0.005589,-0.02248,-0.000894,-0.000384,0.006652,-0.0244,0.019148,-0.010864,0.010725,0.002301,-0.004337,0.003587,-0.011488,-0.026601,-0.006368,-0.005074,-0.007649,0.01758,-0.007199,0.000671,0.028717,0.017871,-0.006664,0.007225,0.007685,-0.00089,-0.004707,-0.007542,-0.006054,-0.00609,0.013559,-0.004502,0.02145,-0.004807,-0.014618,-0.018447,0.001183,0.003544,0.012034
18729,-0.003502,0.001025,-0.008045,-0.003981,0.005477,0.001472,0.001323,0.0,-0.000294,0.009987,-0.000872,0.004803,0.001014,0.009755,0.003605,-0.008477,-0.002174,-0.002469,0.037997,0.001122,0.019754,-0.020607,0.007434,0.00181,-0.003614,-0.01646,0.006807,-0.001972,0.009174,0.000839,-0.005729,0.00267,0.01626,-0.00731,-0.003752,-0.002371,0.0,0.003076,-0.007666,-0.015309,-0.001997,0.012577,-0.017361,0.015369,0.001839,0.015532,0.016546,0.012037,-0.012975,0.004108,-0.003818,-0.004107,0.008247,0.000818,-0.007084,0.00878,0.000952,-0.008832,0.013982,-0.000811,-0.021107,-0.002903,-0.006515
88352,0.008693,0.000765,0.000486,-0.010377,0.009539,0.004551,0.001798,0.011236,-0.002151,-0.003045,-0.010363,-0.026664,-0.064888,0.005829,-0.070068,0.019061,0.015427,0.018971,0.002569,-0.016894,0.000568,-0.026595,0.01018,0.011611,0.001063,-0.033767,0.008935,0.000726,-0.001512,-0.033434,0.017964,0.003673,0.005295,-0.003233,-0.014118,0.000704,0.003743,-0.023879,0.005804,-0.011143,0.001507,0.011209,-0.025921,-0.014155,0.035263,0.022406,0.000371,0.02844,0.021401,-0.006199,-0.00916,0.007332,-0.017919,0.021368,0.019974,0.009009,0.021286,-0.010918,-0.002712,-0.010023,-0.013083,0.007864,0.013114
64186,0.006529,-0.020078,0.002396,0.015598,0.028796,0.007645,0.010335,-0.005499,-0.024911,-0.020791,0.02005,-0.078013,-0.036745,0.024125,-0.006778,0.039395,0.0026,0.016794,0.026338,-0.001678,-0.01139,0.019894,-0.023333,-0.034067,0.039063,-0.022922,0.008701,-0.004153,0.016553,-0.007069,-0.012904,-0.000129,-0.009532,0.006958,-0.007684,0.006442,-0.011832,-0.018452,-0.003533,-0.020003,0.013107,-0.00283,0.000203,0.016147,0.024201,-0.001558,-0.000585,0.024395,-0.005842,-0.001214,-0.001855,0.013071,0.001897,0.004419,0.004588,0.002252,-0.002809,0.008764,-0.004282,-0.002368,-0.019803,0.006246,-0.002153
77605,0.007295,-0.003621,-0.004932,-0.004435,0.0,-0.000262,0.001573,0.003926,-0.01147,-0.005011,0.00212,-0.043375,-0.034836,0.005729,-0.005127,0.027484,-0.012538,0.042043,0.012185,-0.017389,0.010618,-0.019935,0.014019,0.008403,0.00457,-0.016056,-0.001904,0.010082,-0.013218,-0.016676,0.021963,0.008433,0.014837,-0.007974,-0.000804,0.010995,0.000796,0.00159,0.017994,-0.00052,-0.009883,0.009719,-0.00078,-0.003124,0.019849,0.024584,0.013247,0.018254,0.004118,-0.006755,-0.008987,-0.003431,-0.005903,0.006433,0.006391,0.017587,0.004801,-0.004061,0.007676,-0.006903,-0.00791,0.013047,0.025042
18411,-0.005224,0.004474,-0.002711,-0.005825,0.008789,-0.002711,0.008542,-0.003465,0.006761,0.007291,0.004191,-0.00626,-0.00439,-0.003834,-0.000577,-0.001733,0.007523,0.004021,0.001907,-0.005329,0.01837,-0.013153,0.004379,0.009289,-0.00432,-0.00283,-0.012486,0.003065,0.01929,0.013678,-0.008688,0.000186,0.00783,0.007029,0.004831,-0.002034,0.002594,0.004251,0.000184,-0.014535,-0.012509,0.00208,0.009434,0.012336,0.000739,0.011255,0.0104,-0.012098,-0.004204,0.001285,0.010999,0.0,0.009066,-0.002695,-0.004324,0.008686,0.005023,0.004463,0.000178,-0.00533,-0.017864,0.001819,0.003631
70578,0.012065,-0.002966,0.018581,0.006117,-0.004656,-0.002587,0.001435,0.00595,0.002191,0.011531,-0.007132,0.008652,-0.012948,0.001312,-0.001801,0.008312,0.000813,-0.006232,0.008179,-0.002596,-0.00179,-0.009235,0.010637,0.003689,-0.007351,-0.021945,0.009465,-0.003089,0.00177,-0.015685,0.005723,0.003403,0.012899,-0.003568,-0.003085,0.012046,0.003221,-0.006858,0.0,-0.00263,0.003242,0.004327,0.003872,0.00842,0.025641,0.014286,0.0189,0.010063,0.00473,-0.010266,0.007488,-0.001808,0.000553,-0.040076,-0.007666,-0.002169,0.020099,-0.0144,0.010813,-5.2e-05,-0.017638,0.020983,0.027263
16851,0.020822,0.015031,0.023568,0.011513,0.003176,0.006332,0.002098,0.007326,0.01013,0.014914,-0.014441,0.006427,0.001277,-0.005102,-0.017436,-0.001044,0.000261,-0.01802,0.010638,-0.001053,0.012908,-0.029649,-0.067006,0.006346,-0.0364,-0.044021,-0.014312,-0.02178,0.015812,-0.03939,0.017196,-0.021456,0.023256,0.005519,0.001937,0.030938,-0.00844,-0.02459,0.004525,-0.009974,0.0104,0.002573,-0.020853,-0.168851,-0.02615,0.01012,-0.029388,0.013487,0.001494,-0.000271,-0.003662,0.01865,0.003341,-0.004395,-0.006689,-0.017239,0.027546,-0.004535,0.000804,-0.007631,-0.003912,-0.000135,0.016795
17478,0.011161,0.001503,0.001782,-0.004448,0.008841,-0.004102,0.005429,-0.009916,0.002116,0.008445,0.007165,0.002217,-0.007191,0.008403,-0.000184,0.003822,0.001789,0.003755,0.004881,-0.002588,0.00437,-0.005484,-0.01039,0.003269,0.00794,-0.022813,0.000606,-0.007498,0.005678,-0.026361,0.015095,-0.000519,0.016862,-0.010916,-0.005213,0.024076,0.003089,-0.01659,0.001589,0.003546,0.009416,0.002863,-0.015104,-0.004255,0.008734,0.025322,0.007899,0.011982,0.010949,-0.019548,0.006781,0.001115,0.002005,-0.003246,0.009189,0.019184,0.003079,-0.011155,0.000656,-0.003802,-0.00693,0.002606,0.003524
24766,0.016728,-0.002846,-0.024037,0.015932,0.01952,0.002172,-0.012387,-0.010751,0.025358,0.020404,-0.009998,0.00496,-0.010085,0.008573,0.006153,0.03436,-0.043095,-0.002893,0.014112,0.010137,0.013671,-0.00207,0.002143,0.007278,-0.002397,-0.01016,0.007559,0.015281,0.019661,-0.017686,0.000542,-0.00389,0.034704,0.006498,0.025726,0.005277,0.001233,-0.017497,0.00315,-0.012305,-0.007202,0.012418,-0.016914,0.012168,0.017365,0.014411,-0.006156,0.011022,-0.02193,-0.033985,0.0137,0.009119,0.005851,0.000129,0.012021,0.006386,0.02738,-0.005126,-0.002111,-0.001027,-0.007629,-0.001318,0.015175
12369,0.01779,0.001324,0.01534,0.010419,0.003867,0.003082,-0.00512,0.010036,0.002038,0.009662,-0.003526,0.002274,0.008321,0.007752,-0.019851,0.008354,-0.002762,-0.015358,0.014574,0.008316,-0.026493,-0.005135,-0.012903,0.014379,-0.018299,0.011552,-0.008305,-0.016488,0.008249,-0.035102,0.013129,0.008909,0.000268,-0.010166,-0.000811,0.004328,-0.042553,-0.011814,-0.000285,-0.007688,-0.001722,0.000862,-0.042504,0.010798,0.060237,0.003079,-0.007534,0.008525,0.014652,0.005276,-0.014641,0.009812,-0.009994,0.01346,0.015495,0.00218,0.004894,-0.001082,0.001083,0.019481,0.011943,0.004983,0.00548
13788,0.008642,0.004924,0.000784,-0.001371,0.001373,0.001077,-0.007532,-0.001281,-0.002665,0.006036,-0.004033,-0.02064,-0.010346,0.010716,0.011007,0.018478,-0.008532,0.007221,0.014927,-0.020223,0.005728,-0.000491,0.013361,0.005817,-0.004048,-0.018968,0.004834,-0.001865,0.006098,-0.00919,-0.000987,0.005827,0.010703,-0.009327,0.002452,0.001565,0.00547,-0.000486,-0.004762,-0.003711,-0.008528,0.011666,-0.012509,0.028699,0.040116,0.003515,0.003594,0.010745,0.001454,-0.000544,0.01162,-0.012653,0.006907,0.00018,0.023193,0.007938,-0.011463,-0.000797,0.005227,0.003437,-0.007114,-0.002565,0.006474
88446,0.019795,-0.002336,0.009807,-0.013095,0.026919,0.00034,-0.021538,0.02596,0.011266,0.029983,-0.009605,-0.01677,-0.032807,0.001067,0.000188,0.009308,-0.023412,0.01488,-0.016165,-0.006369,-0.000128,-0.006026,0.008287,0.041031,-0.002335,-0.013087,-0.00337,-0.006449,-0.004915,-0.047307,0.012264,0.006632,0.010666,-0.007165,-0.022885,0.019562,0.020752,-0.012339,0.011263,0.00176,-0.01508,0.009472,-0.013785,-0.010394,0.033287,0.013734,0.00132,0.053145,0.004859,-0.003648,0.009706,0.00628,0.00797,0.020669,-0.009285,0.011758,0.018839,0.008339,-0.010565,0.00095,-0.004775,0.000365,0.032679
75825,0.018491,-0.009181,-0.022072,-0.002768,0.052952,0.008618,-0.009148,0.001623,0.0,0.066646,-0.028202,0.002252,-0.004983,0.019933,0.030808,-0.00439,-0.024953,-0.017895,-0.041144,-0.008991,-0.009794,-0.043311,-0.029601,0.019401,0.00374,0.005918,0.024515,0.002233,0.008065,-0.01579,0.008984,0.000212,0.00869,-0.022694,0.007095,0.020816,-0.028443,-0.043698,-0.019021,-0.000574,-0.007806,-0.028578,-0.024774,0.013068,0.016034,-0.026697,0.027307,0.003916,0.007092,0.015258,-0.016994,0.01717,-0.015262,0.003522,0.033111,0.003964,0.031585,0.01006,-0.019595,-0.005742,0.033874,-0.010527,0.011399
75186,0.032039,0.005665,0.005633,0.005378,-0.007132,0.005163,-0.007369,-0.00405,-0.000226,0.024627,-0.007056,0.013991,0.009636,-0.011931,-0.002195,0.00242,-0.010755,0.005325,-0.009049,0.022272,-0.002614,-0.004806,0.007024,0.007847,0.000432,-0.012538,-0.002189,0.005265,0.000655,-0.044493,0.015978,-0.036085,0.023397,-0.012117,0.007869,0.010792,-0.010223,-0.02364,0.01669,-0.010636,-0.000467,-0.005144,-0.022092,0.000481,0.053087,-0.001369,0.003426,-0.02117,0.007209,-0.010621,-0.017503,0.006176,-0.03187,-0.009754,0.007387,-0.024933,0.00351,0.014989,-0.036426,0.002043,0.011216,0.01336,-0.000249
64311,0.035582,-0.00279,-0.003731,-0.004005,0.003551,0.009574,-0.006597,-0.000726,0.002959,0.015374,-0.012388,-0.002581,0.020081,0.007509,0.014654,0.000893,0.024942,-0.01882,0.006558,-0.006368,0.005817,-0.018724,0.008941,0.01954,-0.003901,-0.01503,0.001789,0.005755,-0.000592,-0.028531,0.018902,0.001346,0.022012,-0.008284,0.004717,0.000782,-0.005717,-0.0173,-0.003401,-0.008029,-0.012546,0.015062,-0.015091,0.006149,0.024855,0.008647,-0.015274,0.015911,-0.008028,-0.012115,0.001307,-0.013653,-0.009007,-0.020386,0.013996,-0.005376,0.020322,0.004483,-0.019981,-0.005123,0.002757,0.003164,0.030662
19350,0.012951,0.001297,0.007834,0.005202,0.00481,-0.000182,-0.037394,-0.001259,0.009645,0.008117,0.006379,0.012739,0.005408,0.021759,0.000591,-0.008218,-0.014604,-0.021172,0.019776,0.007757,-0.003969,-0.006581,-0.002553,0.017,-0.040321,-0.015108,-0.013755,-0.000707,0.003666,-0.062608,0.005674,-0.015431,0.00794,-0.076512,0.004079,0.026003,-0.000792,-0.016645,0.018173,-0.009932,0.025878,0.003897,-0.010658,0.022259,0.016261,0.00412,0.001847,0.015155,0.007397,0.001268,-0.008067,0.018415,-0.000132,0.018877,0.032455,0.003514,0.017632,0.009339,0.015827,-0.003416,-0.001142,-0.003251,0.0054
12052,0.017899,-0.013754,-0.012887,0.008465,0.011527,0.006896,-0.018166,0.001182,0.018185,0.020417,-0.01675,0.010116,0.004547,0.013293,0.001018,0.030164,-0.008993,-0.021302,0.006728,0.006402,-0.002734,-0.013037,-0.010318,0.012144,-0.007527,-0.027829,-0.012846,0.022342,0.005987,-0.029408,0.002976,-0.00457,0.0127,-0.020489,0.017551,0.012759,-0.012657,-0.033672,0.002751,-0.002256,-0.008249,-0.000493,-0.008691,0.014488,0.028379,0.024794,0.000233,0.011571,-0.003334,-0.021109,0.001826,0.011174,-0.004013,0.003095,0.010537,0.000173,0.024997,-0.002978,0.002198,-0.001012,0.007093,-0.006596,0.02307
45751,0.009691,-0.003692,0.001906,-0.000951,-0.005711,-0.004468,-0.005182,0.004639,0.005477,0.011108,0.002218,0.006851,-0.011724,-0.007309,-0.003948,0.015426,-0.001688,-0.007609,-0.002875,-0.003631,0.010611,-0.018984,0.006919,0.007945,0.001278,-0.007766,0.004074,0.003097,0.023206,-0.014773,0.002112,-0.001791,0.010345,0.000836,0.001148,0.013034,0.001441,-0.011306,-0.008421,-0.005452,0.006852,0.00335,-0.0024,0.008891,0.005288,0.013511,0.007327,0.001919,0.000202,-0.007258,-0.003148,-0.00163,0.001735,-0.011408,0.001339,0.007305,-0.004392,-0.004617,0.010926,0.005404,-0.010547,0.018038,0.004228
13447,-0.003083,0.004436,0.001296,-0.040908,-0.000211,0.000971,0.006534,0.020523,0.00866,-0.005981,-0.002088,-0.016326,-0.014929,0.004953,0.022073,0.00375,-0.00349,0.074125,0.024512,0.017261,-0.000662,-0.004088,-0.028587,0.022271,0.004581,-0.018313,0.004418,0.016956,0.016304,-0.053765,0.04594,0.006947,0.014601,-0.01788,-0.028975,0.023125,0.008038,-0.031457,0.015711,-0.008552,-0.009226,-0.006018,-0.002551,-0.051731,0.036919,0.022132,0.019905,0.022571,0.004808,-0.034727,0.005971,0.022062,-0.005625,0.008485,0.029429,0.010154,0.011523,-0.010596,-0.011339,-0.025274,-7.3e-05,0.011513,-0.014147
28222,0.002775,-0.005274,0.00651,0.000261,0.007405,-0.000828,-0.003885,0.003953,0.002642,0.003152,-0.001185,0.016346,0.003298,0.00177,-0.007471,0.000254,0.013983,0.000903,0.01488,0.004937,0.010905,-0.017688,0.027208,0.009295,-0.01713,-0.023399,0.02058,-0.004237,0.018832,-0.017956,0.005964,-0.003645,0.02151,0.00234,-0.021484,0.007643,-0.003479,-0.009939,0.001371,-0.011003,0.003659,0.006208,-0.003183,0.026377,0.022444,0.01699,0.019376,0.007088,-0.007756,-0.010301,0.004109,0.001046,-0.004224,-0.010855,0.009453,0.006715,0.007532,0.000405,0.006753,0.00474,-0.003427,-0.00192,0.018031
19502,0.003477,-0.128052,-0.009393,-0.012582,0.009972,0.006765,-0.010171,0.000183,-0.019629,0.000187,0.01478,0.011062,0.00547,-0.009249,-0.009702,-0.016266,0.004697,-0.014775,0.003227,0.013434,0.000187,0.002053,0.002049,0.005391,-0.002959,-0.018175,0.010578,0.001122,-0.002614,-0.024335,0.008826,0.003043,-0.004551,0.004,-0.000191,0.009568,0.003412,-0.025123,0.0031,-0.001545,-0.010834,-0.011344,-0.023937,0.011553,0.031857,-0.013592,0.003543,0.019419,0.006157,0.011283,-0.014372,0.014774,-0.00605,0.004565,-0.000189,0.001894,-0.000378,-0.008132,-0.009533,0.019249,-0.010765,0.040855,0.002751
56573,0.033512,0.002697,0.009278,0.010925,0.002899,0.011235,-0.018972,0.004636,0.017404,0.013413,-0.004987,0.013687,-0.010143,0.013961,-0.0072,0.004708,-0.007092,-0.035712,0.01574,0.009245,0.004,-0.008225,0.00162,0.018176,-0.013214,-0.023756,-0.003363,0.002845,0.007918,-0.033189,0.008531,0.01336,0.010137,-0.012265,-0.007835,0.01198,-0.008267,-0.024473,-0.003896,-0.022852,-0.006882,-0.003889,-0.008661,0.00444,0.035006,0.013777,0.00598,0.020871,0.007146,0.001182,-0.012467,0.009834,-0.019279,-0.011137,0.012348,0.002212,0.017654,-0.001643,0.00079,-0.008089,-0.004973,6.7e-05,0.011605
11955,0.001059,-0.000192,0.000192,-0.019419,0.001961,-0.001076,-0.004408,0.012692,-0.022928,0.012131,0.024266,0.001726,0.006798,0.005991,-0.000284,0.004444,-0.001036,-0.00556,0.002843,0.005953,0.008361,-0.012018,0.001132,0.002166,-0.004793,-0.011049,0.000955,0.003816,0.016822,-0.00458,-0.002254,0.009693,0.006618,0.001204,0.002497,0.00821,0.001281,0.001462,-0.010585,-0.002398,-0.008598,0.01091,0.008671,0.018473,0.000718,0.017856,0.005664,0.006956,-0.004722,-0.005974,0.009015,-0.004467,0.008183,-0.005324,-0.000614,0.004565,0.014333,-0.001896,0.009755,-0.004702,-0.015719,0.010909,-0.004057
90993,0.011295,0.004805,0.000646,-0.002067,0.0,-0.003365,-0.00039,-0.001559,0.002733,0.002855,0.017598,0.010173,0.009063,-0.003743,0.008014,0.000373,-0.000745,0.004349,0.004578,0.006158,-0.004162,-0.008359,-0.011776,-0.000376,0.015811,-0.011489,0.004874,0.00485,0.006931,-0.010325,0.009811,-0.008609,0.009056,-0.001475,-0.001478,0.008755,-0.008434,0.001603,0.007138,0.002933,-0.000244,0.006825,-0.004842,0.003771,0.015633,0.013602,0.002825,0.00223,0.008199,-0.013244,0.006357,-0.007429,0.004257,-0.010479,0.007734,0.009328,0.011114,0.003934,-0.001959,-0.000808,-0.023229,0.011713,0.005029
24942,0.014719,0.005683,-0.045423,-0.002368,0.015146,0.011134,-0.009071,-0.002457,0.016013,0.016257,-0.008948,-0.002189,-0.009213,0.010018,5.5e-05,0.027836,-0.011355,-0.04357,0.000338,-0.011272,0.012313,-0.007039,0.00397,0.012766,0.007306,-0.011849,0.002577,0.005924,0.001389,-0.009099,-0.004031,-0.003373,0.012184,-0.013208,0.020331,0.010849,-0.011499,-0.004542,0.001614,-0.008056,-0.005601,-0.006252,-0.010995,0.009742,0.016232,0.018262,0.007075,0.012472,0.006885,-0.051125,-0.003491,0.000678,0.001299,0.013871,0.001001,-0.005056,0.017087,0.005435,0.00486,-0.023095,-0.005841,-0.003693,-0.023475
12558,0.001499,0.000499,-0.00798,0.001508,0.006526,-0.005486,-0.002508,-0.002514,0.004032,-0.00502,-0.001514,0.001011,-0.006057,-0.015236,0.033007,0.002496,0.0,-0.005478,0.01302,-0.005932,0.000504,-0.014092,-0.011741,0.008781,-0.004608,0.006173,0.005624,0.00305,-0.00152,-0.001523,0.013218,0.010537,0.013903,-0.010284,0.003959,0.002464,0.0,-0.018683,0.00501,-0.008973,0.001509,0.007534,-0.005483,0.009524,0.009931,0.006391,0.019052,0.012943,-0.011832,-0.004789,-0.019249,0.00687,0.000487,-0.000487,0.013645,0.006731,0.007641,0.01327,-0.01029,-0.02741,0.002915,-0.011143,0.023028
87842,0.036646,-0.004532,0.005918,0.012446,0.007152,-0.00111,-0.015774,0.011964,0.010038,0.012809,-0.013301,0.020773,-0.008227,-0.010696,-0.002427,0.004866,-0.011006,-0.004897,0.008723,0.013747,0.008968,-0.009105,0.037191,0.012445,0.000625,-0.006304,-0.000212,0.00423,0.009267,-0.024833,0.016478,-0.006947,0.009964,-0.006507,0.004014,0.012837,0.0,-0.018284,0.012275,-0.01359,0.003391,0.000211,-0.024076,0.018394,0.0204,0.0,0.007497,-0.001033,0.001862,0.002685,-0.002678,0.001859,0.006184,-0.009629,0.007654,0.000821,0.012513,-0.009117,0.00368,-0.007333,0.002873,0.00573,0.01058
76744,0.011416,0.005697,0.004169,-0.019905,0.02574,0.000212,-0.003282,0.010939,-0.027578,-0.01264,-0.001587,-0.015069,-0.071047,0.007127,0.002141,0.040648,-0.015909,0.011763,-0.01008,-0.001909,-0.020519,0.021423,-0.017729,0.02554,0.005119,-0.025635,-0.007458,0.005325,-0.006239,-0.025111,0.012818,0.00096,0.020074,-0.008812,-0.01778,0.020455,0.019217,0.003713,-0.007167,0.005763,-0.035946,0.022276,-0.023963,0.002768,0.027785,0.011678,-0.031858,0.034337,-0.003861,-0.00486,-0.007965,-0.010198,0.007875,0.020914,0.023938,0.021412,0.002311,0.009881,-0.016035,-0.004806,-0.013822,0.005178,0.026879
64390,0.009294,-0.000962,0.004677,-0.005477,0.002344,-0.009491,-0.006666,0.007549,-0.004163,0.011704,-0.00482,0.069195,-0.014238,-0.015231,-0.005867,0.015156,-0.008191,0.00706,0.007804,0.012075,0.013487,-0.015867,-0.017553,-0.014955,-0.002553,-0.019531,0.010029,-0.009113,0.007962,-0.01212,0.015164,0.052417,0.004516,-0.00167,0.007463,0.022605,0.004746,-0.009198,0.006398,-0.0091,0.005661,0.002502,-0.010731,0.006937,0.024928,0.018577,-0.00228,0.000361,-0.007093,-0.000242,-0.01744,0.006286,0.00392,-0.006101,-0.001596,0.005041,0.00159,-0.021375,0.002995,-0.009955,-0.012192,0.013997,0.003012
21776,-0.005785,0.009029,-0.00696,-0.006007,0.005238,-0.005611,-0.002015,0.000808,0.004439,-0.001607,0.009859,-0.019725,-0.006301,0.010432,0.001619,0.005255,0.006634,0.006391,0.001588,-0.007727,0.017372,-0.012954,-0.011135,0.003016,-0.009824,-0.006277,-0.010187,0.003705,0.01169,0.009933,-0.009785,-0.004084,0.002871,0.001431,-0.001021,0.0,0.006949,0.007916,-0.002014,-0.015739,-0.010865,-0.004352,0.000833,0.009151,0.003916,0.020735,0.010257,-0.005574,-0.007608,-0.007262,0.025198,-0.00555,0.012557,-0.00689,-0.010902,0.002004,0.0048,0.003185,-0.004762,-0.022329,-0.025489,-0.004813,0.00799
85913,0.018866,0.008239,0.024047,0.004636,0.01407,0.00634,-0.016752,0.000754,0.003766,0.010507,-0.002079,0.010642,0.000957,-0.011182,0.010788,0.003091,-0.00587,0.001476,0.005675,-0.003518,0.00331,0.017886,-0.014187,0.023742,-0.017054,-0.018875,-0.002812,0.005194,-0.027755,-0.043277,0.030632,0.015092,0.005158,-0.012075,-0.023299,0.012279,-0.012825,-0.026454,0.008797,-0.0104,0.005821,0.001849,0.001524,-0.003845,0.030717,-0.004915,0.008232,0.030482,0.001736,0.013333,-0.01353,0.006933,0.000449,-0.006209,0.015883,0.005335,0.011129,-0.000875,-0.002262,-0.025446,0.017782,0.019462,0.014462
66800,0.021598,-0.010002,0.007348,0.01664,0.01009,-0.003996,-0.005349,0.005602,0.018494,0.010501,-0.008443,0.020524,-0.016474,0.001523,-0.000869,-0.000435,-0.00522,-0.012025,0.019031,0.020413,0.012343,-0.014715,-0.001493,0.006624,0.0,0.067714,-0.006759,0.017414,0.015935,-0.017816,0.014984,0.007187,0.007329,0.00268,0.001146,0.001335,0.001143,-0.006849,0.010728,-0.013078,-0.008642,0.006199,-0.01675,0.032113,0.021248,-0.002787,-0.002422,-0.011951,0.007938,-0.004688,-0.002261,0.010574,0.002068,-0.006003,0.006794,0.004686,0.012127,-0.01106,-0.006151,-0.011065,-0.008913,0.015117,0.004336
12622,0.012272,-0.010077,0.004286,0.008688,0.013071,-0.016707,0.003337,0.012474,-0.028373,-0.017367,-0.0061,-0.100008,-0.02072,0.028837,-0.002083,0.045044,0.030454,0.005814,0.007948,-0.001035,0.014432,-0.02468,0.011524,0.000717,0.025237,-0.017627,-0.011225,-0.003917,-0.006822,-0.012768,0.000573,0.00769,-0.003897,0.006602,0.01765,0.020049,0.0,-0.0117,-0.02265,-0.00646,-0.00959,0.005826,-0.009872,0.017113,0.02032,-0.006214,0.0101,0.019046,0.014485,-0.017118,-0.010231,0.005129,-0.005888,0.012161,0.006944,0.008058,-0.015527,0.001171,0.022304,0.0312,-0.011244,0.003292,0.007979
17750,-0.00912,-0.000977,-0.007175,0.001807,-0.000574,-0.002297,-0.002466,0.002637,0.00748,0.004977,-0.001461,0.002602,0.001054,0.00081,0.054229,-0.035547,-0.009712,-0.003135,0.013951,-0.003897,0.02499,-0.022667,0.014266,0.001886,0.003137,-0.013448,0.005627,-0.003862,0.008228,0.004551,-0.003671,0.008781,0.000389,0.001631,0.009152,-0.000231,0.006919,-0.000534,-0.002139,-0.015387,-0.001555,0.014017,-0.017893,0.024552,0.003053,0.01575,0.008315,0.009957,-0.001482,-0.000742,0.012629,0.00741,0.002403,-0.003269,-0.008163,-0.00147,0.003165,-0.005282,0.016225,-0.006967,-0.024995,0.003823,-0.004779
90505,0.039206,0.023678,-0.010486,0.02244,0.004725,0.00182,-0.007723,0.004883,0.003493,0.011955,-0.005085,0.0245,-0.003668,0.004565,-0.020375,0.003591,-0.000447,0.001492,0.010724,0.003095,-0.014985,0.01223,-0.006483,0.014979,-0.027323,-0.031846,0.013499,-0.006736,0.009094,-0.051321,0.009821,0.003667,0.007149,-0.048738,-0.018073,-0.009119,-0.001534,-0.02765,0.008074,-0.010273,-0.003167,-0.019767,-0.009723,-0.037455,0.050623,-0.009889,-0.008171,0.02673,0.036555,0.009634,-0.028114,0.004909,-0.000698,-0.003841,0.055906,-0.008406,0.00763,-0.003365,-0.008104,-0.022979,0.0223,0.001704,0.005274
49154,-0.003613,-0.006377,-0.001888,0.0261,-0.005407,0.012231,-0.015501,0.001116,-0.003715,0.003481,0.015484,-0.000122,0.008662,0.007015,-0.014893,0.001707,0.008763,-0.013755,-0.056521,0.008817,-0.004884,-0.022604,0.009911,-0.006281,0.000527,-0.012372,0.004931,-0.003978,-0.006258,-0.039657,0.003069,-0.006315,-0.000424,0.001554,0.016787,-0.001665,0.077821,0.023724,0.02733,-0.009808,-0.01399,0.009417,0.000746,0.031075,0.034961,-0.004193,0.002456,0.013419,0.00806,0.003427,0.004667,0.000453,-0.005776,-0.007404,-0.007689,-0.003585,0.00058,0.016123,-0.010046,-0.011762,-0.001284,0.003271,0.008618
24109,-0.011105,0.003139,-0.002046,-0.003498,0.011498,-0.005026,0.005051,-0.002633,0.007079,0.002502,0.001307,-0.01436,0.001806,-0.002284,-0.000964,0.007717,0.005385,0.009641,-0.001415,-0.007909,0.017968,-0.007014,-0.002943,0.008619,-0.007023,-0.002358,-0.010635,-0.002269,0.0216,0.019844,-0.009034,-0.005961,0.004115,0.005269,0.008736,0.000115,0.007851,0.010196,0.001247,-0.018349,-0.011307,-0.004551,0.009613,0.014515,-0.003663,0.026651,0.007049,-0.005111,-0.005808,-0.007863,0.012115,0.002237,0.01105,-0.00552,-0.00333,0.012029,0.00011,0.007483,-0.0071,-0.005831,-0.020693,-0.00678,0.001251
76841,-0.016457,0.003355,-0.008017,0.01573,0.028421,-0.008191,-0.00901,0.011365,-0.026844,0.002865,-0.009083,-0.015708,-0.006733,-0.003477,0.01069,0.006119,-0.025238,0.024465,0.002784,-0.004988,-0.00061,0.001134,0.004444,0.002863,0.021152,-0.029864,0.008558,-0.010867,-0.009804,-0.00252,0.015599,0.006152,0.001214,-0.006887,0.006455,0.00936,0.009102,-0.02523,-0.008948,-0.006694,-0.009488,0.001701,-0.020064,0.018606,0.016251,-0.004009,-0.007696,0.012837,0.005149,0.002977,0.005893,0.003602,-0.015524,0.018052,0.005307,0.003777,0.004618,0.017534,-0.0133,0.018566,-0.009239,0.007141,-0.024607
60628,0.027782,-0.012979,0.006303,0.013392,0.011883,0.007794,-0.007472,0.005528,0.004555,0.026476,-0.00391,0.005352,0.004208,0.000454,-0.010951,-0.004337,0.013991,-0.045436,-0.025573,0.014073,0.015164,-0.020268,0.00765,0.005453,-0.013081,-0.026616,-0.006808,0.000725,-0.008688,-0.032023,-0.002554,0.003957,0.01872,-0.033282,-0.010064,-0.001308,-0.035657,-0.008704,-0.00411,-0.009254,0.007069,-0.009776,-0.023606,-0.012575,0.047591,-0.006266,-0.010972,0.007459,0.024174,-0.014829,0.012105,0.026647,-0.00676,-0.005044,0.016003,0.001323,0.011648,-0.014837,-0.026913,-0.030578,0.02526,0.021198,0.005389
81055,0.034154,0.002367,0.00744,0.016294,-0.001845,-0.005778,-0.010925,0.006228,0.00724,0.018319,-0.010816,0.011856,0.000114,0.002161,-0.005675,0.00662,-0.004536,0.002962,0.064509,-0.014403,0.004871,-0.002693,0.003672,0.014421,-0.006896,-0.021472,-0.015066,-0.000222,0.006541,-0.03153,0.019648,0.001344,0.017901,-0.004836,0.009278,0.008974,-0.010195,-0.022025,0.017143,-0.022362,0.007775,-0.012187,-0.02807,0.014091,0.032614,-0.000222,0.005117,-0.001107,0.001883,0.010063,-0.008649,0.00243,-0.002203,-0.006846,0.014897,-0.008873,0.01271,-0.0012,-0.030594,0.001127,0.006305,-0.000559,0.015784
53613,0.02226,0.004497,0.034402,-0.023007,0.010026,-0.009695,-0.027506,0.010786,0.002609,-0.006386,-0.004523,0.022477,0.009121,0.005794,0.0,-0.014516,0.006079,-0.006507,-0.015205,0.000238,-0.001187,-0.003804,0.015752,0.018092,-0.027695,-0.044387,-0.012668,-0.012076,-0.008403,-0.040062,0.03023,-0.002597,-0.028638,-0.033503,-0.039934,0.029463,-0.025533,-0.026202,0.005322,-0.031177,0.010625,0.000901,-0.021309,0.002453,0.055063,-0.033343,0.003899,0.015536,0.027949,-0.002862,-0.053961,0.012743,-0.02157,-0.007042,0.057354,-0.010207,0.006187,-0.026354,-0.001805,-0.015366,0.133415,0.027808,0.013659
13356,-0.001051,-0.005785,0.005502,0.01915,0.009601,0.005215,-0.009461,0.012735,-0.001014,-0.013603,-0.009571,-0.002702,0.005001,-0.010782,0.018026,0.002677,-0.032033,0.00997,-0.003151,0.004636,-0.01143,-0.025777,-0.029835,0.005163,-0.028249,-0.005515,-0.00751,-0.001746,0.010496,-0.009925,0.013172,0.004372,0.011455,-0.029332,-0.003419,0.019404,-0.0065,-0.038902,0.008144,-0.005064,0.002787,-0.008338,-0.015355,0.017327,0.023358,0.00844,0.000825,0.007303,0.004443,-0.013853,-0.017235,0.023904,0.004106,0.003739,0.01036,0.009217,0.036872,-0.002752,-0.009053,0.00078,0.032617,-0.010888,0.01951
36468,0.006083,0.008862,0.008029,0.008396,0.010914,-0.006233,-0.006026,-6.8e-05,-0.001014,-0.003903,0.005073,0.015098,-0.016783,0.021494,-0.001194,0.018921,-0.005516,-0.014414,0.011899,-0.011255,0.007308,-0.016116,0.011553,0.007158,-0.007699,-0.011981,-0.005526,-0.005737,-0.004616,-0.020527,0.008169,-0.008034,0.008099,0.005539,-0.025638,0.017455,-0.001111,-0.002016,0.000348,-0.008567,-0.001382,-0.004385,-0.012059,0.017547,0.020103,0.033028,0.03733,0.015904,-0.005127,-0.001442,0.006371,0.010847,-0.01119,-0.012435,-0.006392,0.000495,0.014323,-0.012657,0.00058,-0.005644,-0.019554,0.001057,0.007785
49656,0.020424,-0.002138,-0.002142,0.004098,-0.005248,0.001368,-0.005073,0.005883,0.007799,0.021668,-0.003977,0.01597,-0.095247,0.001241,-0.004545,0.00581,-0.006602,0.008307,0.003296,0.019616,0.00567,-0.004631,0.008092,0.00281,-0.012808,-0.024123,-0.00187,-0.005619,0.006697,-0.019751,-0.002969,-0.010636,0.000645,-0.009884,-0.002387,0.005221,-0.001082,-0.019931,-0.001768,-0.018379,-0.006091,-0.018384,-0.012948,0.008433,0.028804,-0.015353,0.004815,0.013236,0.011261,-0.008909,-0.008989,0.009751,-0.000898,-0.012138,-0.016155,-0.01272,0.010073,0.006725,-0.007602,0.008124,-0.007138,0.006262,0.017516
14702,0.037065,-0.003404,0.035131,0.004478,0.009855,-0.002788,-0.021202,0.003809,0.007114,0.012244,-0.006513,0.023648,0.003888,0.001367,-0.003641,0.000913,0.014374,-0.000225,0.004724,-0.009404,-0.003843,-0.015657,0.007377,0.00595,-0.019336,-0.024588,-0.011177,-0.015392,-0.00342,-0.041912,0.023535,0.037241,0.003855,0.024964,-0.055035,0.022801,-0.013812,-0.013584,-0.011017,-0.012405,0.009228,0.009652,-0.026667,0.002326,0.04229,0.004206,0.019463,0.003142,0.039268,0.01414,-0.051429,0.003614,-0.010084,-0.017706,0.044691,0.0052,0.015989,-0.005786,-0.014665,-0.008268,0.038113,0.02547,0.004923
27887,0.005657,-0.002813,-0.008217,-0.003957,0.00149,-0.01252,0.005147,0.001124,-0.004117,-0.006389,0.003656,-0.024997,-0.041613,-0.000807,0.012377,0.014485,-0.000786,-0.000393,-0.000918,-0.008795,0.010462,-0.01114,0.011133,0.013239,0.000259,-0.008148,0.0,-0.008997,-0.000789,-0.006584,0.005832,0.000791,0.012642,-0.011964,-0.008687,-0.000265,0.003586,-0.007146,0.000933,-0.01225,-0.004584,0.007178,-0.012505,0.007081,0.030422,0.010235,0.001039,0.009499,0.007605,-0.006652,0.004121,0.003078,-0.00358,0.011805,0.021687,0.00931,0.008978,0.00451,-0.001699,-0.006564,-0.013581,0.013024,0.002816
60871,0.028593,-0.00157,0.016002,0.006373,0.008323,0.002512,-0.011187,0.0143,-0.002231,0.021374,-0.01112,0.014698,-0.001745,0.003409,-0.01028,0.004401,0.027868,-0.019354,-0.005043,-0.004893,0.020724,-0.013249,0.019704,-8.6e-05,-0.017272,-0.010876,-0.027533,0.0,0.000452,-0.057595,0.024177,0.010679,-0.029567,-0.036963,-0.033026,0.02441,0.015619,-0.026715,-0.00314,-0.01331,0.010298,0.004994,-0.014685,-0.005692,0.051005,-0.010894,0.001001,0.007202,0.058198,-0.012952,-0.007607,0.01351,-0.016638,0.010383,0.046051,0.010005,0.013689,0.009861,-0.006774,-0.023206,0.00535,0.017769,0.000266
22103,0.024244,-0.002852,0.012012,0.004946,0.000281,0.008012,-0.012551,0.004519,0.004639,0.008956,-0.004161,0.005292,0.001801,0.002766,0.003034,0.005912,-0.008611,-0.017234,0.006173,-0.009063,-0.001126,-0.010001,-0.002561,0.014265,-0.013361,-0.037349,-0.018362,0.007694,0.001946,-0.034215,0.00789,0.00614,0.009153,-0.012793,-0.014193,0.022379,-0.010103,-0.030772,-0.002393,-0.02127,-0.003431,0.003443,-0.015686,0.005644,0.031033,0.013289,-0.010112,0.016441,0.014918,-0.018103,-0.011346,0.007332,-0.006804,-0.001434,0.020421,-0.007505,0.031979,0.001832,-0.003352,-0.001835,0.008577,0.003797,0.00938
89258,0.043426,-0.008136,0.014407,0.006635,0.014109,0.004265,-0.016483,0.011618,0.011891,0.019084,-0.001183,0.026544,0.00125,-0.003168,-0.003564,0.001933,-0.008682,-0.000195,0.011193,0.013572,0.003894,-0.0105,-0.026386,0.012667,-0.010666,-0.011369,-0.000694,0.000298,0.004364,-0.050657,0.02538,-0.00355,0.012013,-0.006036,0.00506,0.011379,-0.007865,-0.025489,0.016888,-0.014425,-0.000623,-0.005401,-0.035297,0.019918,0.038208,0.010018,0.010729,-0.004406,0.003219,0.0,-0.009826,0.005772,-0.001007,-0.013,0.015826,-0.005227,0.011721,-0.005293,-0.003012,-0.010373,0.002544,0.007207,0.017837
57904,-0.0024,-0.01263,-0.009949,0.00041,0.00451,0.002449,-0.001629,0.003467,0.003251,0.002836,-0.011311,0.013075,-0.011091,-0.002447,-0.007359,0.007208,-0.000409,0.005932,0.007117,0.003836,0.013274,-0.003176,0.000597,0.004776,0.000594,-0.008116,0.002594,0.004976,0.015449,-0.015604,0.013077,0.00352,0.012083,0.004814,-0.000383,0.00115,0.005005,-0.013216,0.009511,-0.013651,0.002534,0.002722,-0.005236,0.022027,0.010872,0.01434,0.001116,0.013564,-0.003666,-0.005704,0.006292,0.001655,0.010465,-0.008903,0.006783,0.004006,0.003627,-0.007047,0.001274,-0.001272,-0.012921,0.005715,0.004766
17942,-0.009653,-0.011913,0.008403,-0.006884,0.001834,0.010985,0.002535,0.013728,-0.042409,-0.013398,0.001509,-0.004896,-0.006813,0.014101,0.009019,0.018622,0.005484,0.005818,0.031453,0.002804,0.016078,-0.02064,0.01686,0.003454,0.013425,-0.012908,0.001721,-0.028513,0.039958,-0.00408,0.010242,-0.00169,-0.031821,0.023077,-0.003759,-0.002744,0.00172,-0.005838,0.008981,-0.012667,-0.014216,-0.00211,-0.006345,0.0,-0.004257,0.010331,0.0,-0.000705,0.00988,-0.010133,0.005295,0.004916,0.000349,0.049249,0.000999,0.011972,0.015774,-0.008412,-0.022186,-0.013347,-0.027393,-0.002782,0.007671
82642,-0.004712,-0.009407,0.006494,-0.007365,0.002637,0.008073,-0.005885,0.016295,0.009128,-0.003094,-0.002507,0.016397,-0.001825,0.004719,-0.002407,0.007003,-0.004033,-0.000176,0.012383,-0.000232,-0.003769,-0.008789,-0.000294,0.024552,-0.02511,-0.016231,-0.003228,-0.008516,-0.005928,0.004563,0.011508,0.017784,0.004295,-0.018043,-0.001432,0.004541,-0.00339,-0.012174,-0.002235,0.00884,-0.015424,0.01213,-0.027655,0.019375,0.031008,0.004432,0.023178,0.016846,0.006559,-0.002977,-0.001803,0.004403,-0.006013,0.004184,0.008558,0.003796,0.017462,-0.009018,0.01434,0.000217,-0.007883,-0.002466,0.005823
25785,0.022779,0.003341,0.013319,0.012048,0.001082,0.005405,-0.009677,0.013029,0.006431,0.00639,-0.012698,0.003215,0.014957,0.005263,-0.005236,0.01579,0.007368,-0.017764,0.107447,-0.008646,0.012597,-0.014354,0.003883,0.00677,-0.003842,0.000964,-0.003854,-0.01354,0.017647,-0.028902,0.015873,0.011719,0.003861,-0.010577,-0.000972,-0.003891,-0.026367,-0.012036,-0.002031,-0.005086,-0.007157,0.00309,-0.022587,0.009454,0.032258,-0.014113,-0.003067,0.001026,0.006147,0.010183,-0.007056,0.02132,-0.007952,0.007014,0.004975,-0.005941,0.0,-0.00498,-0.004004,-0.011055,0.007114,0.029263,0.002941
93436,0.033302,-0.011412,0.020743,-0.082348,0.026813,-0.006401,-0.003258,0.013771,-0.027675,-0.002682,-0.004931,0.026203,-0.007792,0.007484,-0.038462,0.004377,-0.019856,-0.042643,-0.050438,0.02692,-0.011513,-0.019607,0.043118,0.044777,0.001216,-0.032427,-0.008986,-0.011681,-0.010166,-0.05223,0.023347,-0.00155,-0.015607,-0.075768,-0.026868,-0.001363,-0.06022,0.014321,-0.024861,-0.010124,0.006147,-0.008638,-0.016258,-0.033431,0.081746,0.015444,0.047612,-0.007041,0.040978,0.019823,-0.036112,0.022221,0.004722,0.047041,-0.001289,0.00752,-0.030076,0.0102,0.008023,-0.017349,-0.00223,0.016281,0.002782
89003,0.006012,0.002988,0.007098,-0.007831,-0.005613,0.002293,0.000968,-0.012131,0.004627,0.002303,-0.000177,-0.013788,-0.004302,-0.00189,0.011904,0.005258,-0.006738,-0.004373,-0.005827,0.005771,0.039358,-0.006124,0.022392,-0.00034,-0.003736,-0.012189,0.002157,-0.002325,0.007336,-0.010881,0.012733,0.002822,0.015778,-0.003107,-0.003453,0.017664,0.0049,-0.004876,-0.013869,0.005137,-0.002346,0.004031,0.006274,-0.031006,0.031483,0.012891,-0.001806,0.007979,-0.00204,-0.004906,-0.006081,0.001984,0.004634,0.001071,0.008969,0.005464,0.004785,-0.009525,-0.012062,0.00033,8.2e-05,0.000577,0.011043
59459,0.00627,-0.008767,-0.001535,-0.000586,-0.000879,-0.003812,-0.005078,0.001997,0.006053,0.010567,-0.006753,0.011331,-0.017855,0.022522,-0.016699,0.010248,0.008478,7.2e-05,0.007544,0.008699,0.016188,-0.004661,-0.002656,0.004555,0.000558,-0.011992,-0.00127,0.00212,0.015018,-0.003821,0.016038,0.005559,0.006074,0.000543,0.00461,-0.004724,0.003323,-0.006894,0.006806,-0.011221,-0.008272,0.004549,-0.001098,0.008381,0.005178,0.015588,-0.005672,0.00906,-0.001404,-0.000871,0.00362,-0.002137,0.004685,-0.001266,0.002735,0.008448,0.003892,-0.004665,0.003565,0.007302,-0.02893,0.003362,0.002145
87657,-0.006951,0.0,0.003737,-0.007393,-0.00523,0.001168,0.007585,-0.005949,0.008103,0.007092,-0.012936,0.00613,-0.067756,-0.001296,0.005698,0.015202,-0.017958,-0.002869,-0.006207,-0.010164,0.009981,-0.003862,0.018644,0.015952,0.008154,-0.025466,-0.00314,0.020082,-0.001323,-0.016179,0.004041,-0.009168,-0.000621,-0.022694,-0.001964,-0.004514,0.003837,-0.01558,-0.003471,-0.00059,-0.012169,0.016744,0.003999,-0.011013,0.03092,0.018731,0.014044,0.022359,0.007725,0.001998,-0.00431,-0.000866,-0.003845,0.004458,0.024682,0.008874,0.009843,0.001867,-0.007608,0.001043,-0.025578,-0.008661,-0.003721
13314,0.005463,0.002454,0.01049,-0.005536,-0.010004,0.002812,0.002015,-0.013904,0.004079,-0.000442,0.002121,-0.011815,-0.005086,-0.002511,0.013126,0.006922,-0.006433,-0.003459,-0.004806,0.01279,0.035058,-0.003157,0.021311,0.000168,-0.003519,-0.011603,0.001786,-0.001953,0.006296,-0.010485,0.01239,0.003207,0.013882,-0.001162,-0.002409,0.012408,0.006663,-0.003268,-0.01615,0.005333,-0.001906,0.00656,0.003548,-0.02754,0.02832,0.01192,0.000325,0.00666,-0.000484,-0.006377,-0.005849,0.003023,0.00334,0.001705,0.008268,0.004824,0.00336,-0.031895,0.010955,0.000244,0.002444,0.0013,-0.005518
77338,0.017428,0.000977,-0.003647,-0.005303,0.002296,-0.004805,-0.002385,-0.000262,0.010352,0.013825,0.000484,-0.005805,-0.004064,0.005029,0.003203,0.001283,-0.002932,-0.008879,0.015354,0.015121,0.005282,-0.007117,0.001344,0.007186,-0.005525,-0.014601,0.003995,-0.005474,0.010669,-0.020494,0.007825,0.006598,0.017065,-0.003861,-0.015365,0.015435,-0.005048,-0.010933,-0.013491,-0.008188,0.000405,0.005444,-0.009561,0.010148,0.012233,0.018228,0.007066,0.013228,0.005447,-0.004628,8.2e-05,-0.001039,-0.001889,-0.00757,0.010722,-0.003008,0.008145,-0.006066,-0.000438,-0.003915,-0.001924,-0.000413,0.009148
15408,-0.004594,-0.012923,0.005299,0.013643,0.014683,0.000603,-0.007231,0.00091,0.000303,0.002425,0.002117,-0.003017,-0.00454,0.002128,-0.00182,0.006079,-0.010272,-0.007326,0.016605,0.006352,-0.000902,-0.007521,-0.024553,0.01243,0.005832,-0.008239,-0.002154,0.004625,0.002149,-0.020827,0.009384,0.004029,0.001852,0.002156,-0.022748,0.005977,-0.003127,-0.013488,-0.010811,-0.065895,-0.013076,-0.030683,0.009124,0.027848,0.008797,-0.006976,0.005269,0.004193,0.054628,-0.002309,-0.003638,0.009293,-0.003288,-0.004619,0.003315,0.022795,0.005491,0.011243,-0.030496,0.005242,0.005215,-0.00227,0.008775
86136,0.006118,0.004817,0.0,-0.001729,0.009605,-0.003509,0.000783,-0.003597,0.005258,0.013661,-0.009935,-0.010034,0.000157,0.000943,-0.015933,0.005902,0.002299,0.007357,0.005576,-0.017571,0.017091,-0.013677,-0.001822,0.011749,-0.008317,-0.00538,0.000398,0.003578,0.02377,0.000851,0.000309,0.00402,0.006467,-0.002066,0.005596,0.002439,0.021293,0.011765,-0.01126,-0.009304,-0.017656,0.006272,-0.000912,0.003499,0.002123,0.013844,0.007163,-0.00363,-0.002974,0.004698,0.0072,0.008475,0.006723,0.001379,-0.005074,0.013188,0.009061,0.005131,-0.001347,-0.002698,-0.024632,-0.010729,0.014018
71563,0.032022,0.009788,-0.00165,0.000826,-0.001651,0.003515,-0.013185,0.004384,0.006859,0.016928,-0.013601,0.018934,0.006665,-0.009831,-0.002229,0.006093,0.006056,0.007424,0.010357,0.011236,-0.001949,-0.010156,-0.002762,0.008508,-0.003532,-0.019098,-0.009835,0.003446,0.007273,-0.032692,0.004458,-0.009367,0.012608,-0.006433,0.009607,0.009102,0.004305,-0.017963,0.004573,-0.014691,0.00084,-0.007763,-0.011419,0.006845,0.037391,0.01024,-0.001622,-0.008528,0.015359,0.009681,-0.009389,0.002823,0.006636,-0.021774,0.008168,-0.006482,-0.006932,-0.001642,-0.002879,-0.0033,-0.005173,0.00208,0.019718
34833,0.014804,-0.008187,-0.008555,0.005752,0.024082,0.00485,-0.015943,-0.001486,0.0,-0.027538,-0.030155,0.004893,-0.01602,-0.013248,0.019897,-0.010944,-0.005773,-0.002581,-0.00857,-0.019247,-0.020788,-0.023777,-0.002262,0.010462,0.01415,0.015654,0.008712,-0.064441,-0.024143,-0.014553,0.007015,-0.0055,-0.009217,-0.018419,0.013268,0.000935,-0.013642,0.002463,0.010584,-0.022256,-0.005356,-0.001731,-0.041225,-0.009042,0.007502,-0.045482,0.033945,-0.008564,0.001254,0.024008,-0.005301,0.019266,-0.008446,0.01014,0.010841,-0.000993,0.019881,-0.01345,-0.014227,-0.010223,0.021061,-0.013288,0.010653
91926,0.010261,0.060368,0.030183,0.00386,0.008913,-0.000346,-0.013169,0.015979,0.00916,-0.005823,-0.010336,0.011488,0.005507,-0.00445,-0.00722,0.008485,-0.006696,-0.019706,0.007053,0.010856,0.0097,-0.013038,0.008395,0.002428,-0.001211,-0.0097,-0.012594,0.00248,0.00053,-0.032144,0.008212,-0.00362,0.005995,-0.008848,-0.011113,0.010133,-0.014043,-0.00111,0.002222,-0.004435,-0.012435,-0.003383,-0.028852,0.011651,0.042419,0.0116,-0.00455,0.006948,-0.006174,0.002741,0.010386,0.019297,-0.009377,-0.005715,0.006467,0.00589,-0.00692,0.000357,0.001429,-0.002675,0.008226,0.007804,-0.001232
48506,0.01872,0.00309,0.006323,0.003276,0.002195,-0.000374,-0.002725,-0.007393,-0.000162,0.010041,0.011223,0.007029,-0.013488,0.005799,-0.005131,0.002924,0.030375,-0.005865,0.012058,-0.004398,0.009861,-0.013834,-0.005828,0.019038,0.004073,-0.023322,-0.003218,-0.016353,0.000582,-0.028996,0.017601,-0.000482,0.014037,-0.015005,-0.006239,0.015912,0.011507,-0.027756,0.002709,0.012372,-0.00619,0.005746,-0.023599,-0.010225,0.02127,0.010711,0.011079,0.005294,0.010742,-0.010784,0.004951,0.00807,-0.000312,-0.002496,0.011573,0.01041,0.00658,-0.014137,0.002827,-0.006765,0.000516,0.007427,-0.000102
12872,0.02005,-0.018509,0.007677,0.016065,0.034556,-0.001733,-0.018939,0.023166,-0.007704,-0.024085,-0.017048,-0.008589,0.003665,-0.007138,0.02207,-0.001145,-0.025549,0.019328,-0.004287,0.009935,-0.001968,-0.015114,-0.021018,0.021639,-0.007839,-0.001009,-0.070671,-0.041101,0.003588,-0.04572,0.011633,0.007991,0.032624,-0.017215,0.003272,0.022256,-0.025526,-0.034284,0.002992,-0.025651,-0.000204,-0.038375,-0.023774,0.024788,0.028856,-0.016498,0.008597,-0.023077,0.014684,0.001888,-0.016747,0.0198,0.001253,0.015638,0.019093,0.000403,0.046114,0.013667,-0.020129,-0.00407,0.054875,0.002951,0.027773
52038,0.0003,-0.006739,0.002111,0.011735,0.004188,0.001489,-0.004164,0.00687,0.010383,0.013065,0.008984,0.00675,0.007703,0.004955,-0.005775,-0.00255,-0.004688,-0.00999,-0.003892,0.008973,0.009323,-0.005684,0.012291,-0.004377,0.034458,-0.000685,0.001097,0.00781,0.005982,-0.008379,0.003544,0.003667,0.010014,0.003885,0.0004,0.00707,-0.00106,-0.00968,0.004955,-0.006662,-0.002146,0.001748,-0.07649,0.002034,0.006381,0.020749,0.001553,0.007752,0.003077,0.014501,0.003024,-0.006303,-0.003723,-0.005675,-0.002227,-0.008231,-0.004361,-0.001837,0.006511,0.008297,-0.019386,0.001849,0.003975
79678,0.034922,0.007216,0.004003,-0.014481,0.007027,0.005921,-0.011772,0.018081,-0.014417,0.002332,-0.03236,-0.015082,-0.001775,0.007337,0.000662,0.025805,0.00516,0.014118,0.015609,0.005192,-0.003926,0.00726,0.020387,-0.048436,0.021421,-0.030731,0.002999,-0.003845,-0.013293,-0.056715,0.029717,0.035347,0.021824,-0.019032,-0.059927,-0.003669,-0.012428,-0.016779,0.00237,0.028612,0.011264,-0.009775,-0.004362,-0.022827,0.029023,0.020867,-0.009883,0.029492,0.013883,0.014997,-0.034475,0.021291,-0.009338,-0.012056,0.015531,-0.009613,0.0075,0.005255,0.027009,-0.020149,0.011472,0.01177,-0.001692
91556,0.01246,-0.005304,0.013012,0.026321,0.00954,0.002642,-0.011351,0.008098,-0.00722,-0.002663,0.006573,0.008877,0.010518,0.000801,-0.0222,0.000818,0.007153,-0.005479,0.005407,-0.002841,-0.006207,-0.018227,0.005006,0.007991,0.002677,-0.016737,0.011174,0.001859,0.004948,-0.04144,0.010808,0.000423,0.014603,0.013767,-0.005453,0.007552,-0.029466,-0.000212,-0.018305,-0.015628,-0.011278,0.028793,0.000969,-0.010216,0.028249,0.003698,0.012317,0.031198,-0.009127,0.004796,-0.001625,0.022683,0.004277,0.004655,0.011534,0.007504,0.011511,-0.005833,-0.010677,-0.013029,0.008768,-0.018164,-0.014124
85631,0.051341,0.003235,0.013994,-0.009601,0.007755,0.002465,0.001919,0.020352,0.00833,-5.8e-05,0.005237,-0.000579,-0.026872,0.006963,0.017435,0.018182,0.005876,-0.005615,0.009525,-0.001752,0.00866,-0.023792,-0.003506,0.019266,-0.008036,-0.026016,0.004627,-0.000525,0.013709,-0.050872,0.030498,0.019769,0.019386,-0.013301,-0.021339,0.021218,-0.001148,-0.0258,-0.049074,-0.000806,0.002669,0.00681,-0.010515,-0.037847,0.032877,0.008755,-0.00093,0.025689,-0.001089,-0.011628,0.003493,-0.008854,-0.025628,-0.004932,0.02872,0.023039,0.023063,0.008498,-0.013986,-0.031691,-0.004168,0.017048,-0.014221
48653,0.008759,-0.022398,0.005489,0.028852,0.01883,-0.010561,0.003911,-0.029604,-0.021614,-0.028496,0.002724,-0.074409,-0.0094,0.033492,0.007936,0.024114,0.005796,0.007883,0.024379,-0.004496,-0.005568,-0.036216,0.004956,0.00857,0.000601,-0.017505,0.010192,-0.015699,0.000697,-0.034336,-0.002419,0.036451,-0.005991,0.02312,0.008918,0.026917,0.015462,-0.004718,0.014759,-0.042836,-0.004007,-0.012667,-0.012104,0.022299,0.010027,-0.00356,-0.020164,0.008183,0.003215,-0.025874,0.011801,0.035151,-0.011385,0.011675,0.012521,-0.004536,0.007944,0.043967,-0.010843,-0.020353,0.00042,0.012216,0.002645
10696,0.011667,0.005263,0.009579,-0.006178,-0.002442,-0.017027,-0.001132,-0.016774,-0.013948,0.008885,0.002897,-0.017793,0.003294,-0.002697,0.007877,0.015747,-0.006316,-0.002658,-0.010776,-0.003748,0.02575,-0.015016,-0.00547,0.014978,0.012221,-0.02574,-0.001403,-0.008546,0.006376,-0.021941,0.013196,0.016694,0.022243,-0.005468,-0.001375,0.014109,0.01346,-0.026786,-0.00344,0.000806,-0.00184,0.003686,-0.014576,-0.037037,0.04209,0.025534,0.011883,0.003691,0.00936,-0.010378,0.00145,-0.012365,0.006091,-0.002578,0.001461,0.010101,0.018778,-0.00229,-0.007324,-0.005836,-0.000997,0.007096,0.003633
85269,0.018861,-0.022909,-0.00225,0.001068,0.027742,-0.005652,-0.012645,0.039008,0.006898,-0.007075,-0.008596,0.007644,0.012455,-0.015433,0.035325,-0.009545,-0.028245,0.035336,-0.008257,-0.005329,0.01183,-0.009817,-0.016932,0.002153,-0.02318,-0.023498,-0.023234,-0.00801,0.024346,-0.027708,0.030095,0.004942,0.025189,-0.020592,-0.019472,0.004751,-0.025706,-0.061481,0.010741,-0.014826,-0.003063,-0.026583,-0.033896,0.022727,0.025694,-0.009614,0.018184,0.003491,0.015121,0.006591,0.001833,0.009935,-0.006472,0.002215,0.011309,0.004627,0.020343,0.027085,-0.01404,0.010773,0.040426,-0.011774,0.020017
70332,0.011214,-0.016308,-0.01702,0.013267,0.043276,0.003829,-0.021615,0.013645,0.0,0.320085,0.00777,0.021523,0.006761,0.002343,-0.00187,-0.001093,0.115799,0.005182,0.014352,0.001786,-0.001097,-0.006589,-0.011469,0.016494,0.038091,0.004371,0.000528,-0.03256,-0.004497,-0.003969,0.002611,-0.001234,-0.001921,-0.00165,0.001928,0.000275,-0.006321,-0.000277,-0.00415,-0.006945,-0.002098,-0.005887,-0.007755,-0.004832,0.008139,-0.010907,0.004869,-0.00171,0.000285,0.004567,-0.004423,0.004156,-0.003425,-0.001002,0.00215,-0.000143,0.008298,-0.002412,-0.002845,-0.000285,0.005707,0.000567,0.000425
86158,0.019324,-0.003791,0.008291,-0.005257,0.005556,0.00283,-0.000538,0.003093,-0.005496,0.001348,0.000404,-0.032562,0.003477,-0.011227,0.001963,0.019166,-0.002471,0.003578,0.006033,-0.013221,0.007735,-0.010691,-0.077168,-0.110494,0.005907,-0.018289,0.008033,0.002035,0.000508,-0.038052,0.015295,0.014719,0.000683,0.013643,0.009253,0.02017,0.008197,-0.006829,0.012934,0.003233,-0.003061,0.007757,-0.006895,-0.022445,0.00925,0.017676,-0.004503,0.014216,0.003982,0.005394,-0.019252,0.003057,-0.011229,0.014925,0.018542,-0.01742,0.024916,0.004519,-0.00636,-0.013895,-0.001583,0.0,0.005233
93096,-0.008131,-0.003718,0.002375,0.01684,0.02014,0.000326,-0.007195,0.003212,0.004926,-0.000245,0.012012,-0.001211,0.00485,-0.006034,8.1e-05,0.005423,0.01457,0.002698,-0.008862,-0.001277,0.007914,-0.018003,0.006542,0.000562,-0.002727,-0.016967,0.000245,0.005561,-0.009109,-0.029383,-0.008287,0.00648,0.014233,0.003926,-0.003078,0.014438,0.004114,-0.011553,0.010942,-0.016399,-0.012087,0.07164,0.002205,0.013514,0.007752,0.003077,0.008129,0.012856,0.013669,0.004001,0.003911,-0.000588,-0.001986,0.001548,0.008462,0.008172,0.004632,-0.000216,-0.011817,-0.00824,0.003382,-7.3e-05,-0.009527
88031,-0.023818,0.000938,-0.013876,0.005324,0.000189,0.003593,0.030526,0.00512,-0.004002,-0.031598,0.019804,0.002404,0.012731,0.005648,-0.004167,0.022922,0.010493,0.019007,0.030225,-0.016094,0.015505,-0.027852,0.000863,0.088291,-0.007764,-0.016289,0.001299,0.003891,0.017442,-0.010476,0.00016,0.011548,0.013636,-0.004693,-0.000314,0.002044,0.004079,-0.012031,0.003005,-0.018133,-0.00819,0.00842,-0.006744,0.015357,0.000955,0.018451,-0.002967,0.032581,-0.002579,-0.019011,-0.006512,-0.054307,0.012046,0.00962,0.00323,0.003864,0.018602,0.004093,-0.003449,-0.003619,0.004263,-0.000472,0.00409
43553,0.004833,-0.006183,0.007605,0.024014,-0.004243,0.007402,-0.012691,0.007442,-0.00056,0.015789,0.005402,0.023246,0.023361,0.000524,-0.007326,-0.002741,0.00148,-0.007601,0.005425,-0.000317,-0.000847,-0.014829,0.009461,0.015763,-0.015833,-0.002344,0.000854,0.003414,-0.012016,-0.030029,0.002552,0.003874,0.006615,-0.005476,-0.002093,0.016444,-0.019218,-0.008034,-0.000595,-0.01535,-0.006284,0.006081,-0.010275,0.01319,0.025796,0.007521,-0.014929,0.008998,0.011569,-0.002451,-0.008306,0.024301,0.004952,-0.000917,0.012847,0.000566,0.002943,-0.002708,-0.005884,-0.027775,0.003395,0.011669,0.007497
38156,0.019151,0.002733,-0.014992,-0.003113,0.010063,-0.003779,-0.01,-0.001742,0.003489,0.006259,-0.014167,0.003505,-0.008383,-0.002466,0.015537,0.002086,-0.004858,-0.007322,0.000703,-0.00702,0.001414,-0.012354,-0.018585,0.004734,-0.007611,0.005113,-0.015625,-0.004799,0.021884,-0.011252,0.008811,0.00837,-0.002887,-0.004705,-0.001455,0.015659,-0.009322,-0.022439,-0.00074,-0.022601,-0.003033,0.012548,-0.009388,0.018575,0.030517,0.005778,0.002872,0.007623,-0.010087,0.005459,-0.015201,0.006248,-0.014244,0.001853,0.008136,-0.011372,0.0141,0.013538,-0.019856,-0.01326,0.026502,0.001455,0.018155
79323,0.009662,-0.002945,0.008754,0.004496,0.002498,-0.014952,-0.005376,0.006783,0.008526,0.012525,-0.006288,0.018569,-0.00774,-0.007287,0.003619,0.002266,-0.009045,0.000622,0.009744,0.003593,0.013298,-0.010701,0.002959,0.00295,-0.00913,-0.02068,-0.003554,-0.009757,0.021083,-0.023864,0.007015,0.007916,0.00398,-0.002399,0.003137,0.010111,0.001857,-0.011433,0.004063,-0.013282,0.011989,0.001663,-0.003963,0.013192,0.011471,0.014814,0.001711,0.012261,0.000695,-0.003572,0.001792,0.00487,0.010287,-0.00842,0.005825,0.008737,0.007688,-0.022598,0.009683,-0.005676,-0.020864,0.006533,0.015478
85348,0.007715,-0.003977,0.003594,-0.000895,-0.004878,-0.003702,-0.001104,0.005629,0.007297,0.006252,0.002367,-9.8e-05,-0.001279,0.017931,-0.001355,-0.00252,0.004081,0.001064,0.006187,-0.002786,0.005684,-0.02347,-0.001962,0.009632,-0.003018,-0.009179,-0.009658,0.002488,0.006849,-0.010056,0.002689,0.000993,0.005082,0.004263,-0.006022,0.010825,-0.003144,-0.00069,-0.003945,-0.011783,-0.001503,0.019067,0.007878,0.017196,0.027471,0.002991,0.010532,0.005995,-0.003851,-0.00994,0.012736,0.000367,0.007433,-0.005738,-0.004122,0.006807,0.01069,-0.003164,0.003537,-0.003163,-0.001722,0.003996,0.000995
76614,-0.001388,0.011633,-0.018852,-0.001155,0.005928,-0.01878,-0.013782,0.031587,-0.036132,-0.026787,-0.019429,-0.020799,-0.067231,-0.028078,0.00207,0.030267,-0.010693,0.027992,-0.018086,0.001426,-0.002935,-0.006849,-0.015787,0.004413,0.021788,-0.063417,0.020472,-0.014681,-0.034889,-0.024644,-0.001737,0.004038,0.00716,-0.010064,-0.007772,0.024391,0.032715,-0.01509,-0.008564,-0.014813,-0.000487,0.000585,-0.020262,0.007391,-0.006218,-0.00682,-0.001333,0.023765,-0.008053,0.008513,-0.002216,0.004116,-0.007091,0.018805,-0.013988,0.013697,0.031046,-0.000686,-0.024074,0.00112,-0.024992,0.018323,0.0075
87184,0.003229,-0.001037,-0.000546,-0.001967,0.00334,-0.001091,-0.000656,0.000383,-0.002732,-0.000712,-0.000329,0.00181,-0.000438,-0.003396,0.000385,0.002582,0.000164,-0.001151,0.000494,-0.000493,0.001262,-0.000657,0.0,0.000987,0.009365,-0.001248,0.001304,0.001845,0.000704,-0.003031,0.003963,0.001784,0.001457,-0.000216,0.000809,0.002532,0.000376,-0.00102,-0.00172,-0.001293,-0.000809,-0.001187,-0.004214,-0.000705,0.001303,0.005314,0.000809,-0.000539,-0.001618,-0.000216,-0.000324,0.002702,-0.001832,0.005832,0.000913,0.008313,0.00133,-0.003718,-0.000533,0.000427,-0.003786,0.007226,-0.002179
13628,-0.000519,0.005344,-0.001445,-0.041499,0.004421,0.004402,0.019721,0.022537,0.003947,-0.000613,-0.014508,0.014929,-0.024363,-0.0167,0.008199,0.030786,0.000871,0.017659,0.028116,0.000489,0.005477,-0.021641,-0.012576,0.022502,-0.000689,-0.021874,-0.00816,0.017418,0.015872,-0.046431,0.037098,0.018432,0.034197,-0.007641,-0.035983,0.019822,0.017309,-0.024191,0.0263,0.010203,-0.045286,0.023028,-0.018229,-0.059965,0.020377,0.01946,0.022595,0.036059,0.010498,-0.037063,0.017884,-0.004727,-0.002207,0.004952,0.020141,0.011818,0.020161,-0.017173,-0.03356,-0.021763,0.000293,0.008212,-0.003297
86356,0.01454,0.006369,0.001846,0.001579,-0.005519,-0.000793,-0.001587,-0.000795,-0.037116,-0.00413,0.001659,0.004416,-0.011542,0.000278,0.004725,0.014384,0.05045,-0.010644,0.00656,-0.002868,0.013072,-0.024516,-0.005556,0.018356,-0.010449,-0.00528,-0.003715,0.002131,-0.00638,-0.040396,0.025927,0.006522,0.006209,-0.009928,-0.009214,0.000547,-0.007381,-0.009915,0.005007,0.002491,-0.003313,0.011634,-0.01237,-0.008628,0.025828,0.000547,0.006838,0.019017,0.016262,0.002886,0.020664,-0.000513,-0.002308,0.00257,0.016919,0.011596,-0.005233,0.003257,-0.008489,-0.017376,0.004613,0.002296,0.005345
61241,0.032915,0.014795,0.08486,0.002412,-0.003781,-0.015528,-0.045216,0.021659,-0.001437,0.002159,-0.018672,0.021954,-0.015754,0.006912,0.018064,-0.007452,0.017519,-0.02811,0.007954,-0.006815,-0.002167,-0.029678,0.055203,-0.002474,-0.028349,-0.027717,0.016129,0.00443,0.027563,-0.061516,0.041159,0.009517,0.015591,-0.018208,-0.029818,0.025112,0.002194,-0.038307,0.003035,0.097958,-0.03238,-0.002136,-0.022119,0.006202,0.072154,-0.002367,0.078644,0.018542,0.025301,-0.024677,-0.007097,-0.024549,-0.032813,-0.038208,0.042808,0.001642,-0.016066,-0.030323,0.005498,-0.013671,0.036729,0.027406,-0.012036
69796,0.01289,-0.004955,0.016864,0.065446,0.009663,-0.004966,-0.007539,-0.004138,0.005629,-0.003348,0.002047,-0.004766,0.008263,0.037687,0.033501,0.009832,0.012821,0.009613,0.0,0.001791,-0.004093,0.001984,-0.014004,0.010903,-0.004683,-0.012072,-0.003271,-0.021961,0.006637,-0.010678,0.021238,-0.001656,0.00883,-0.00972,-0.008496,0.009604,-0.000146,0.00605,-0.036516,-0.022347,-0.027492,-0.008523,-0.057878,0.004421,0.040682,0.01388,-0.015187,0.023023,0.018896,0.015628,-0.028929,0.000106,-0.009031,-0.002132,-0.028094,0.012914,0.007704,-0.010822,-0.013444,0.014565,0.00609,0.017241,0.046384
13911,0.003198,-6.9e-05,0.000693,-0.015028,0.014273,-0.001525,0.001736,0.003604,-0.011256,-0.00461,-0.010104,-0.033952,-0.029202,0.005291,0.010225,0.019722,-0.008977,0.011562,0.009755,0.002812,-0.001366,-0.02815,0.008519,0.019833,-0.000504,-0.031707,-0.008558,-0.000601,0.007661,-0.014013,0.017161,0.005351,-0.000222,-0.011609,0.0,0.006733,0.001858,-0.002819,0.01443,0.001686,-0.009443,0.005986,-0.002057,-0.021347,0.019707,0.019178,-0.0055,0.009679,0.007064,-0.002076,0.003371,0.008435,0.001559,0.001062,0.029763,0.058904,0.001815,0.026857,-0.007815,-0.020898,0.009667,0.006426,0.027262
17144,-0.014686,-0.000196,-0.013535,-0.000597,0.012336,0.008451,0.004093,0.01019,0.000194,0.000388,0.002714,-0.004834,0.00544,-0.00058,0.00058,-0.0143,-0.006469,-0.009077,0.017324,-0.002936,0.010404,-0.003109,-0.000975,-0.001561,0.005276,-0.005053,-0.006251,0.010615,0.002529,0.004851,0.003476,0.008466,-0.005915,0.005758,0.005916,-0.006071,0.006108,0.01366,-0.011604,-0.03257,-0.055588,0.011814,0.0127,0.024272,0.004739,0.007862,0.000975,0.009351,-0.009072,0.020062,0.004583,0.007223,0.007926,-0.008051,-0.010004,0.016587,0.013128,-0.004628,-0.00186,0.000559,-0.044507,0.017735,0.005745
21207,-0.004473,0.006178,0.003349,0.014743,0.000548,0.004384,-0.001637,-0.009016,-0.008271,0.007784,-0.002207,-0.013824,-0.017534,-0.033353,-0.014831,-0.00553,-0.005252,-0.017702,-0.005375,-0.02225,0.009753,-0.023825,-0.007256,0.003987,-0.009265,0.026052,-0.016927,-0.00894,0.00735,0.025207,-0.002588,-0.004541,-0.004562,0.012111,0.008085,0.005454,-0.000638,0.010217,0.00885,-0.007832,-0.00221,0.015506,0.031162,0.016319,0.021707,0.007858,0.023775,0.010195,-0.010653,-0.010485,0.01575,0.002255,0.010689,0.008071,-0.005798,0.00972,0.033553,-0.002395,0.02534,-0.013007,0.008698,-0.004965,0.010242
27828,0.031909,-0.016459,0.001521,0.000506,0.001518,0.00758,-0.017553,0.019398,-0.001502,0.013541,-0.000495,0.018317,-0.003403,0.000976,-0.031189,0.010563,-0.010951,-0.013588,-0.009694,0.01288,0.014751,-0.001003,0.005519,0.012475,-0.009857,-0.023893,-0.00408,-0.012289,-0.008813,-0.044456,0.001642,0.023497,0.011212,0.004224,-0.003155,0.025317,-0.012346,-0.000521,0.043773,-0.018472,-0.033571,0.007368,-0.024033,-0.001071,0.039121,0.008767,0.005112,0.002543,0.008625,0.007052,0.003021,0.003514,-0.004002,-0.000502,0.031156,0.005361,0.011149,-0.00767,-0.001932,-0.002904,0.009223,-0.002405,0.002411
23931,-0.011386,0.00018,-0.003778,-0.001625,0.007779,-0.00718,0.008136,-0.007353,0.005781,0.003593,-0.001611,-0.016493,-0.001641,-0.001643,0.001829,0.007302,0.004168,0.010468,-0.00125,-0.008405,0.018936,-0.010619,0.000358,0.011803,-0.001237,0.001239,-0.012372,0.003221,0.020514,0.009963,-0.008134,-0.00157,0.008913,0.008315,0.003092,-0.005309,0.007404,0.009913,-0.001692,-0.016274,-0.014303,0.002797,-0.000349,0.010638,-0.002934,0.026653,0.008092,-0.006187,-0.002861,-0.009619,0.014142,0.005628,0.009756,-0.002499,0.00334,0.012151,0.008222,0.003751,-0.004387,-0.00457,-0.02525,-0.00286,0.003543
92221,0.020444,-0.015672,-0.002765,-0.01396,0.002732,0.007259,-0.002606,0.018132,-0.020628,0.001568,0.018156,-0.022816,-0.007132,-0.012802,-0.0025,0.018807,-0.02798,0.00321,0.003999,0.009479,-0.020277,0.001219,-0.00491,0.200249,-0.019432,-0.049816,-0.00621,0.012275,0.028011,-0.026549,0.036204,0.018198,0.039795,-0.035519,-0.000835,-0.001986,-0.006039,0.019632,0.020459,0.013552,-0.044907,0.008159,-0.013436,-0.003067,-0.029995,0.031611,0.022033,0.039196,0.019802,-0.005126,0.016485,0.019538,-0.030822,0.004627,0.006302,0.029932,-0.007718,-0.009097,-0.014033,-0.011676,-0.008657,0.00238,0.001801
82800,0.014113,-0.008698,0.013287,0.014349,0.000732,0.016086,-0.022547,0.007853,-0.017531,0.016109,-0.009268,0.016002,0.013812,-0.01936,-0.017792,-0.00273,-0.020901,-0.034308,0.024474,-0.001541,-0.011577,-0.044768,0.002452,0.037373,-0.034437,0.001646,-0.005478,-0.024236,0.006209,-0.02749,0.010095,0.001428,0.00057,-0.010544,-0.011809,0.007287,-0.03125,-0.006272,0.006312,0.011051,0.009158,-0.00644,-0.006187,0.028758,0.021326,-0.010158,0.004561,0.022985,0.008599,0.023377,-0.007794,0.013814,-0.011755,0.007299,0.036232,-0.009842,0.020141,0.00641,0.005096,-0.01597,0.005152,-0.001025,-0.003335
75828,0.010233,-0.017824,-0.006842,-0.022067,0.015213,-0.014885,0.003063,0.014046,0.009535,0.012428,-0.039085,-0.041083,-0.020036,0.012942,-0.006657,0.022806,-0.005072,-0.012427,0.016025,0.002752,-0.000845,0.002219,-0.004849,-0.020127,0.013622,-0.010986,0.012402,-0.005965,0.006001,-0.036856,0.045897,0.023263,0.023044,-0.017576,-0.046988,0.031934,-0.018923,-0.018436,0.002171,0.012891,-0.01016,-0.004538,0.010312,-0.019016,0.030884,0.011899,0.011969,0.006225,-0.015259,-0.009737,-0.020195,0.009712,-0.008977,-0.003127,-0.004435,0.005976,0.006589,0.022964,0.038498,-0.021212,0.004334,0.018701,0.021384
76201,0.023188,-0.004933,-0.004028,-0.005833,0.009858,0.006353,-0.007467,0.020631,0.003648,0.017718,-0.002604,0.006863,0.006223,-0.006406,-0.003779,0.020158,0.018739,-0.17077,0.026498,-0.015555,0.026136,-0.029133,0.019376,0.001009,-0.001764,-0.008417,-0.001019,-0.008412,0.001885,-0.053712,0.022957,0.01449,-0.072696,-0.012909,-0.035605,0.046323,-0.009649,-0.022829,-0.010655,0.004841,0.019174,0.017366,-0.029777,-9.8e-05,0.044966,-0.012161,0.003883,0.013961,0.031538,0.007125,-0.033402,0.003798,-0.027042,-0.008442,0.069358,0.000537,0.026109,-0.02283,0.004905,-0.024315,0.038927,0.034579,-0.0022
23712,-0.014644,0.008712,-0.003726,0.007989,0.006745,-0.007538,0.005907,-0.002181,0.001009,0.006047,0.00167,-0.02067,-0.000681,0.002725,-0.007304,-0.005476,0.009979,0.005111,-0.001017,-0.004072,0.016184,-0.014585,0.007826,0.0,-0.005402,-0.001358,-0.018185,0.009001,0.017499,0.011128,-0.01384,0.00372,0.011624,0.006328,-0.000993,0.005301,0.005438,0.0059,-0.003584,-0.020929,-0.016032,-0.004243,0.001534,0.010381,0.000505,0.016835,0.006457,-0.005139,-0.002333,-0.008351,0.013643,-0.002991,0.016,-0.000984,-0.00509,-0.00066,0.009579,-0.001309,0.001147,-0.016034,-0.017626,-0.004909,0.00051
61621,0.009102,0.001112,0.000741,-0.008387,0.004229,0.000991,-0.000866,0.00483,0.002588,0.009957,0.002556,-0.00947,-0.000368,0.000368,0.000245,0.024139,-0.001196,-0.002995,0.006728,-0.002148,0.008372,-0.027755,0.009882,0.022107,0.000709,-0.014055,0.008505,0.001425,0.009133,-0.017866,0.014959,0.010215,0.018695,-0.004271,-0.001275,0.011026,0.000459,-0.012507,0.001278,0.0,-0.005686,0.006536,-0.005218,-0.015853,0.011015,0.012535,0.007636,0.005856,0.002283,-0.008542,0.002527,-0.003896,-0.002876,-0.004615,0.006722,0.003224,0.00482,-0.011878,-0.00393,-0.016013,-0.035731,0.004036,0.002314
83111,0.001036,0.026604,0.007702,-0.000429,0.009076,-0.010269,-0.015027,0.026517,-0.027459,-0.008878,0.009471,-0.004,-0.080546,0.000794,0.023411,0.026442,-0.017224,0.04297,-0.008181,0.00535,0.006209,-0.014618,-0.007529,0.026741,0.001975,-0.017815,-0.006468,-0.014067,-0.000607,-0.043815,0.015963,0.003752,0.023285,-0.003805,-0.028037,0.01234,-0.009705,-0.017405,0.014522,-0.016909,-0.0296,-0.006678,-0.056519,0.003255,0.030601,0.01055,0.000253,-0.003451,-0.016723,0.006185,0.029964,-0.028264,0.005885,0.01874,0.018562,0.011441,0.040882,0.027633,-0.040864,-0.014412,0.001518,0.006143,0.038617
11404,-0.005778,0.005218,-0.003775,-0.005329,0.009763,-0.012027,0.004416,-0.003446,0.007154,0.000947,0.00071,-0.011701,0.003348,-0.003457,0.00299,0.003935,0.001544,0.002372,0.005324,-0.005767,0.019886,-0.010794,-0.000821,0.010216,-0.007091,-0.002458,-0.015022,0.000834,0.015476,0.008675,-0.004649,0.007185,0.010057,0.0066,0.000805,-0.003678,0.009574,0.009826,-0.002716,-0.01577,-0.013141,-0.004205,0.012317,0.012399,0.001831,0.02045,0.002015,-0.013296,-0.01223,-0.005847,0.011531,0.000684,0.008658,-0.004631,-0.000681,0.009197,0.0,0.003713,0.004932,-0.00792,-0.018327,-0.000573,0.004813
84769,0.035684,0.019937,0.011628,0.007828,0.009734,0.000876,-0.013231,0.004338,0.010307,0.008453,0.000963,-0.002984,0.004055,0.005481,-0.006312,0.014147,-0.02714,-0.018435,-0.006559,-0.010503,0.00647,0.003616,-0.007806,0.008776,-0.016198,-0.021547,-0.017659,-0.003278,0.00488,-0.027027,0.001519,0.010293,-0.001823,-0.015685,-0.020847,0.017389,-0.00756,-0.012034,0.000224,-0.008491,-0.012845,0.010159,-0.016949,0.001609,0.027886,0.013621,0.012556,0.013706,0.010302,0.014764,-0.000837,0.01498,-0.026731,-0.008484,0.008877,0.003507,0.015355,-0.003859,0.001152,-0.00868,0.006752,0.002305,0.003032
14338,0.012514,0.010576,0.020579,0.005991,0.001489,0.008463,-0.012248,0.010218,0.006137,0.002259,-0.006311,-0.000227,-0.004424,-0.006039,0.007795,0.0,-0.004664,0.001486,0.004336,-0.008635,-0.00298,0.06449,-0.014795,0.023019,-0.011036,-0.01961,0.002321,0.004851,0.004279,-0.023599,0.026519,0.02082,0.005873,-0.011909,-0.015711,0.006997,-0.000977,-0.014779,-0.008273,-0.007897,-0.003251,0.008436,-0.002454,-0.011293,0.021373,-0.003543,0.011111,0.016593,0.005621,0.009674,-0.006175,-0.003428,0.004192,-0.002248,0.020277,0.00694,0.011592,-0.007536,-0.006553,-0.023663,0.013619,0.021265,0.012535
25232,0.007302,-0.00199,-0.012676,0.002308,0.015256,-0.000284,-0.009217,-0.000859,0.003295,0.007995,-0.007224,0.00214,-0.007261,-0.008461,0.011426,-0.000858,0.00229,-0.003855,-0.002365,-0.0016,-0.010055,-0.005152,-0.010802,0.000598,-0.010016,0.001661,-0.004674,0.000303,0.017868,-0.01086,0.007219,0.004181,0.012639,0.001028,-0.016576,0.013872,-0.015595,-0.023614,0.005051,-0.021322,-0.006536,0.004543,-0.007953,0.002515,0.020696,0.002304,0.011188,0.000151,-0.002576,-0.001519,-0.019325,0.008999,-0.008765,0.00543,0.01327,0.008832,0.022793,0.017414,-0.023934,-0.008471,0.009442,0.000742,0.02092
79103,0.008344,0.007126,0.005249,0.004238,0.007662,0.002144,-0.005174,0.012753,0.007012,-0.003751,0.005784,-0.000441,-0.010331,-0.011898,-0.015396,0.005975,0.002654,-0.042121,-0.000105,-0.013054,0.00952,-0.013261,0.020024,-0.013752,-8e-05,-0.018336,-0.002982,-0.001033,-0.007077,-0.027249,-0.002931,-0.001159,-0.002349,0.001276,0.002748,0.024436,0.01649,-0.006728,0.001939,0.006678,-0.005876,0.014109,-0.002525,0.007674,0.001817,0.01331,0.003053,0.003175,0.007246,-0.010467,0.009738,0.007434,0.001006,-0.010594,0.003856,-0.016453,-0.008232,0.001064,-0.002073,-0.002743,-0.016744,-0.001684,0.004761
68144,0.033587,0.010124,-0.002263,0.000324,-0.001458,0.004217,-0.013568,0.008024,0.006823,0.01436,-0.011929,0.018835,0.007584,-0.004391,-0.002205,0.002999,0.004407,0.007051,0.010736,0.013547,-0.005468,-0.010232,-0.001234,0.009578,-0.004744,-0.017989,-0.012212,0.004914,0.00694,-0.031955,0.00356,-0.009674,0.012374,-0.004181,0.007106,0.00914,0.003019,-0.017269,0.005159,-0.019086,0.003597,-0.006191,-0.008099,0.007665,0.038697,0.011463,-0.002676,-0.01089,0.016755,0.007376,-0.005453,0.003603,0.007804,-0.022766,0.004437,-0.004418,-0.008399,-0.003836,-0.001925,-0.005626,-0.004526,-0.001137,0.021785
86228,-0.004852,-0.003125,0.002383,-0.004754,0.00264,-0.000376,-0.005519,0.00454,-0.027872,0.010203,0.010995,-0.004047,-0.002032,0.005598,-0.001392,0.007982,-0.003017,0.001891,0.01359,0.019367,0.008647,-0.00966,0.002073,0.013019,-0.00012,-0.007087,-0.001452,0.001575,0.017056,-0.00452,0.000717,0.003223,0.012615,-0.003056,-0.000118,0.004009,-0.002231,-0.001883,-0.002948,-0.006031,-0.004521,0.003944,0.007024,0.010403,-0.010998,0.019638,0.002088,0.004863,-0.002535,-0.004736,0.00766,-0.007141,0.009165,-0.002299,-0.005531,0.004287,0.007153,-0.006758,0.006343,-0.004699,-0.015659,0.01275,0.005024
58683,0.009632,0.005724,0.003415,0.005483,0.001316,-0.024601,-0.000963,0.014068,0.007222,0.002453,-0.01581,0.009371,-0.000379,-0.010993,-0.009007,0.020886,0.002652,0.007935,-0.006935,0.016044,0.007431,-0.006085,-0.009833,0.004684,-0.002611,-0.023747,0.003831,0.000954,0.005337,-0.032234,0.011951,0.00697,0.011152,-0.006655,-0.004403,0.026149,-0.01499,-0.030626,0.003728,-0.021896,-0.009394,-0.00343,-0.036242,0.003992,0.028039,0.025945,-0.004779,0.007803,-0.00139,0.005567,0.004547,0.030899,-0.010691,-0.01235,0.01016,-0.003675,0.000194,-0.005241,-0.000585,-0.004295,-0.005882,0.000789,0.000788
22509,0.011961,0.000175,0.002976,0.003666,-0.000348,-0.004871,-0.001049,0.005425,-0.003307,0.009431,0.007526,0.016571,-0.00853,0.021041,-0.021859,0.003241,-0.008332,-0.009516,0.019735,-0.005942,0.00333,-0.017277,0.011172,0.007451,-0.011392,-0.015737,-0.003844,-0.005788,-0.00567,-0.00882,0.002787,0.003406,0.008755,-0.010184,-0.036056,0.011695,-0.004771,-0.015302,0.008706,-0.002227,-0.00307,0.00056,-0.024151,0.029909,0.036463,0.005729,0.005696,0.00885,0.003509,0.021505,0.001198,-0.000684,-0.003079,-0.0139,-0.002175,0.008546,-0.004064,0.00764,0.007151,-0.005389,-0.006364,0.003116,0.007076
22779,0.006409,0.002477,0.004376,-0.011315,-0.000142,-0.000213,0.001067,0.013638,0.002453,0.001258,0.002374,0.008637,-0.008218,-0.00181,0.005301,0.013531,0.006298,-0.009865,0.004947,-0.006837,-0.002409,-0.015044,-0.002662,0.008922,-0.00933,-0.003725,0.009171,0.015239,0.022034,-0.035033,0.009775,0.003803,0.022111,-0.009704,-0.00034,0.012458,0.026222,-0.014086,0.000997,-0.001461,-0.007579,0.013533,-0.008857,0.014271,0.031889,0.023512,0.002179,0.016151,-0.012654,-0.005882,0.004671,-0.004897,0.002501,0.021765,0.007629,0.008783,0.001922,-0.010608,0.00315,-0.008574,0.004202,-0.001698,0.01294
84597,0.033207,0.008325,-0.00288,0.007895,-0.004394,0.009211,-0.003803,0.001909,0.002667,0.020711,-0.008284,0.013609,0.001667,-0.010353,0.002615,0.01118,-0.044408,0.005206,-0.007673,0.022424,-0.005861,-0.00019,0.016359,0.000936,-0.00991,-0.001709,0.004947,0.010981,-0.000936,-0.035239,0.029143,-0.027563,0.019802,0.003427,-0.00019,-0.003416,-0.010091,-0.013657,0.013651,-0.023471,-0.000591,-0.000394,-0.018931,0.005226,0.040192,0.006344,0.000191,-0.004775,0.007484,-0.004191,-0.024866,0.002354,-0.01135,-0.012074,0.003406,-0.015975,0.002841,0.011534,-0.038208,0.004368,0.007455,0.019322,0.006655
16087,0.014066,0.007171,0.009804,-0.002543,0.004983,0.002306,-0.009318,-0.001045,0.009532,0.009326,0.001825,-0.00205,-0.000342,0.010159,-0.001582,0.00679,0.001124,-0.01426,-0.029161,0.007274,0.005708,-0.011119,0.005271,0.008622,-0.018829,-0.017189,-0.011979,-0.002667,0.004498,-0.025778,0.000124,0.010558,-0.000123,-0.010203,-0.014655,0.007058,-0.00388,-0.013695,-0.00586,-0.015889,-0.002604,0.004047,-0.00898,-0.005121,0.026531,0.01363,0.006977,-0.005165,-0.000633,0.003041,-0.01238,0.004221,-0.01503,-0.008793,0.022048,0.006382,0.025114,-0.004949,0.002984,-0.000372,-0.00955,0.006637,0.014056
48486,0.031786,-0.002382,0.039509,-0.002663,0.021567,-0.008045,-0.016117,0.001995,0.002463,0.014479,-0.006544,0.009387,0.008581,-0.007744,0.00231,-0.002254,0.003388,0.049325,0.006388,-0.001308,0.006356,-0.016729,0.01412,0.004545,-0.015593,-0.022489,-0.00115,-0.005408,-0.003675,-0.048509,0.021986,0.015797,-0.005218,-0.001543,-0.054028,0.01764,0.001444,-0.009242,-0.019143,-0.016383,-0.007378,0.005743,-0.02245,-0.012485,0.046338,0.010531,0.012725,0.011049,0.024052,-0.000785,-0.052864,0.001723,-0.018814,-0.024265,0.045968,0.005431,0.014001,-0.005055,-0.009616,-0.030066,0.031054,0.026754,0.009187
41080,0.028251,-0.00308,-0.002348,0.012264,-0.000979,-0.00049,-0.009069,0.005133,0.012428,0.009176,-0.006624,0.013639,-0.007535,0.011328,-0.011201,0.005122,-0.003837,-0.024252,0.007401,0.004898,0.013099,-0.004931,0.00423,0.018174,-0.009398,-0.011874,-0.00157,-6.1e-05,0.000302,-0.039301,0.011769,0.004106,0.006753,-0.020122,0.012183,0.018985,-0.004506,-0.019021,0.004207,-0.007629,-0.004978,0.003926,-0.049013,0.010613,0.026122,0.020532,0.007647,0.00734,0.006977,0.006929,-0.006942,0.007911,-0.003042,-0.009642,0.0281,0.006653,0.021733,-0.009557,0.001177,-0.007699,0.000355,-0.003907,0.018366
76605,0.005458,0.011916,0.003407,-0.004629,0.007524,0.003834,-0.011534,0.019002,0.007923,-0.007739,0.004046,-0.002818,-0.009627,-0.006011,-0.009425,0.012133,-0.004925,-0.00024,-0.008442,-0.010691,0.005682,-0.004289,0.014074,-0.004748,-0.002651,-0.014826,-0.009612,-0.001114,-0.003873,-0.018019,0.007369,-0.011558,0.003046,0.002802,-0.006361,0.055654,0.011315,-0.008727,0.016786,-0.000998,-0.022452,0.017274,-0.017392,0.010262,-0.00133,0.031478,0.020255,0.007886,0.011,-0.014254,0.010389,0.006487,0.005314,0.004009,0.001459,-0.002975,0.004944,-0.008624,-0.006723,-0.01181,-0.010229,-0.002319,0.014196
14040,-0.00531,0.0,-0.005338,0.007156,0.0,0.024867,0.010399,0.018868,0.006734,0.020067,-0.036066,0.022109,-0.061564,0.02305,0.019064,-0.028912,-0.015762,-0.001779,-0.012478,0.0,0.00722,-0.003584,-0.014389,0.058394,-0.010345,0.008711,-0.029361,0.064057,0.035117,-0.027464,-0.004983,0.013356,0.001647,0.016447,0.187702,-0.016349,-0.076177,0.041979,0.030216,-0.034916,-0.015919,0.052941,-0.040503,-0.0131,0.029499,0.012894,-0.01273,0.017192,-0.015493,-0.058655,0.007599,0.027149,0.029369,0.012839,0.01831,0.030429,-0.006711,-0.071622,-0.004367,-0.001462,-0.039532,0.004573,-0.003035
14295,0.017032,0.00927,0.018667,0.001163,0.008716,0.004032,0.008032,-0.011098,-0.004892,-0.006073,0.009892,-0.007203,0.00058,-0.00232,-0.000291,0.156441,-0.012069,-0.020616,0.004938,0.028704,0.003268,-0.015535,0.016798,0.021277,-0.013971,-0.04002,-0.001036,0.005443,-0.008765,-0.048375,0.009292,0.026266,0.010554,-0.020888,-0.009333,0.008614,0.029624,-0.036029,0.005916,-0.003208,-0.0118,0.00787,-0.018848,-0.055159,0.048504,0.006371,0.007157,0.036622,-0.007646,-0.011424,0.007525,-0.030675,-0.005228,0.008022,0.005763,-0.009823,-0.023423,-0.011851,0.015991,-0.024171,0.014401,-0.013345,0.004317
23536,-0.012266,0.001792,-0.004345,-0.005648,0.009681,-0.013679,0.004148,-0.006841,0.005849,0.005556,-0.001799,-0.015706,-0.000523,-0.001701,0.00118,0.004844,0.003909,0.009734,-0.002057,-0.009016,0.019366,-0.009945,-0.000515,0.009019,-0.002682,0.003329,-0.012251,0.000904,0.02246,0.015655,-0.004258,0.001509,0.007659,0.0081,0.004573,-0.005045,0.01113,0.005749,0.002189,-0.012863,-0.012907,-0.003362,0.006498,0.012539,-0.00331,0.021405,0.006624,-0.007418,-0.002652,-0.008702,0.016338,0.002999,0.008372,-0.002135,0.001426,0.00819,0.005298,0.000351,-0.001873,-0.003753,-0.018955,-0.003,0.003491
22293,0.024773,0.002948,0.010582,0.00669,0.002311,-0.000288,-0.011246,0.003208,0.005814,0.01185,-0.001428,-0.002288,0.00086,-0.001719,-0.014347,0.014556,-0.011478,-0.025835,0.002682,0.002377,-0.055737,0.014443,-0.022594,0.012983,-0.015317,-0.010794,-0.008665,-0.008417,0.005224,-0.038649,0.015541,0.006986,0.007598,-0.019344,-0.010364,0.024662,0.000989,-0.024045,0.002363,-0.00202,-0.015182,0.006509,-0.011652,0.000347,0.035355,0.016404,0.004282,0.002952,0.011772,0.000646,0.008075,0.002563,-0.012145,0.014882,0.036659,0.005535,0.012844,0.003925,-0.006316,-0.006961,0.00762,0.005142,0.0
75241,-0.008471,-0.018611,-0.014307,0.009996,0.021421,0.006968,-0.018388,0.010407,0.002857,0.115293,-0.003446,0.020866,0.010278,0.011908,0.004741,-0.000967,-0.019065,-0.025294,-0.018273,0.004911,0.004284,-0.050943,-0.028548,0.017072,0.001281,-0.053234,0.039197,-0.002406,-0.011408,-0.029212,0.021261,0.007582,0.023764,-0.005287,-0.000389,0.023993,-0.030144,-0.049429,0.009754,0.006122,-0.008857,-0.014735,-0.017102,0.004579,0.014094,-0.021574,0.017668,0.006806,-0.001724,0.009673,-0.032916,0.013657,-0.011658,0.021401,0.03582,-0.009013,0.039747,0.005637,-0.025321,-0.020426,0.020582,-0.002843,0.020224
10138,0.031762,-0.00029,0.000291,-0.002807,0.013882,0.000574,-0.006507,0.002215,0.006728,0.010979,-0.008971,0.016484,-0.005531,-0.001791,0.005571,0.009484,0.021023,-0.019133,0.003623,-0.007126,0.002051,-0.013302,-0.007636,0.0152,-0.010481,-0.023075,-0.003001,-0.001456,0.026741,-0.042239,0.020469,0.007364,0.012986,-0.008831,-0.002395,0.014885,-0.003785,-0.023651,0.009339,-0.017446,0.002649,0.004109,-0.014518,-0.017006,0.0345,0.005737,0.002804,0.018895,0.012111,-0.002805,-0.007593,0.009352,-0.001414,-0.008401,0.02237,0.004097,0.016228,-0.011589,-0.011632,-0.010648,0.009158,0.015436,0.010779
91152,0.022908,-0.006632,0.009018,-0.00464,-0.001144,-0.000994,-0.017196,0.0057,0.009979,0.00403,-0.011265,-6.5e-05,-0.004126,0.028582,-0.004155,0.02647,-0.004753,-0.001278,0.012835,-0.000745,-0.000104,-0.010217,0.002094,-0.000501,-0.006397,-0.013129,0.026628,-0.017631,0.001712,-0.020428,0.007045,-0.031704,0.027639,-0.015888,-0.019836,0.021909,0.002377,-0.026023,-0.003865,0.005853,-0.004571,0.009363,-0.021503,0.000544,0.030894,0.028143,0.001946,0.000747,0.012349,-0.015843,0.004196,0.00842,-0.000423,-0.002791,0.019765,0.013455,0.019248,0.00151,-0.012986,-0.013442,-0.01218,-0.005058,0.016216
81481,-0.012567,0.00376,0.005763,0.008786,0.003408,-0.033494,0.001562,0.00809,0.011795,-0.001911,0.022595,-0.004681,0.015897,0.006204,-0.004325,0.010166,0.008326,0.004991,-0.007403,0.00946,0.002703,-0.014648,-0.001824,-0.005756,-0.001838,-0.029184,0.006259,-0.004429,-0.015335,-0.044991,-0.005939,0.014684,0.006886,-0.004956,-0.003287,-0.002898,-0.002005,-0.021191,0.00985,-0.011685,-0.020047,0.031368,0.033364,-0.008859,0.0,-0.003973,0.019244,0.004109,0.011107,0.026498,0.014268,0.005646,0.015185,-0.019763,0.012393,-0.000913,0.012983,0.012637,0.004635,-0.03336,0.001101,-0.008527,-0.006935
92121,0.032884,0.00381,0.002711,0.003379,0.0097,-0.001868,-0.008555,0.004854,0.004562,0.017898,-0.005249,0.015038,-0.00117,0.003773,-0.00337,0.004032,-0.002332,0.006622,0.047208,0.003079,0.000614,-0.004786,0.000493,0.013927,-0.002917,-0.019017,-0.017522,-0.000759,0.005823,-0.035741,0.013312,-0.005281,0.011524,-0.010625,0.006857,0.010794,-0.00267,-0.01912,0.004572,-0.009103,0.004199,-0.00771,-0.018175,0.002146,0.033731,0.006345,0.004889,0.000512,0.00064,0.00729,-0.01676,0.000129,0.0,-0.00736,0.012227,-0.010409,0.01792,-0.000128,-0.010079,-0.002191,0.002196,0.0,0.0
88873,0.015675,0.00101,-0.007205,-0.015312,0.008917,-0.001972,0.000366,0.002707,0.000146,0.015102,-0.005965,0.003687,-0.001297,0.007429,0.006515,0.022265,-0.005706,0.003779,0.010179,0.003382,0.004746,-0.013624,0.001735,0.010878,0.009733,-0.021179,0.006172,0.006755,0.005614,-0.022398,0.022214,0.009742,0.021455,-0.010502,-0.008477,0.013128,0.000864,-0.01766,0.037037,-0.029784,-0.008061,0.03562,0.007258,-0.033563,0.028951,0.02546,0.004584,0.019709,-0.002859,-0.009411,-0.00151,-0.003277,0.004046,0.00636,-0.006445,0.013288,0.005345,-0.004451,-0.00534,-0.014733,0.005196,0.006871,0.002504
80924,0.021164,0.013817,0.008518,0.006757,-0.003356,0.006734,-0.001672,0.00335,0.010017,0.008264,-0.018033,-0.005008,0.008389,0.004992,0.013245,0.004902,-0.071545,0.003503,0.008726,0.015571,-0.010222,0.012048,-0.018708,0.019064,-0.006803,-0.020548,0.003497,-0.003118,0.005254,-0.029617,0.010772,-0.003552,0.00713,0.00177,-0.014134,0.010753,-0.014184,-0.030576,0.003711,-0.011091,-0.001869,0.005618,-0.011173,-0.007533,0.02277,-0.022263,0.00759,0.0,0.022599,0.01105,0.001822,0.014545,-0.003584,0.01259,0.012433,-0.003509,0.010563,-0.02439,-0.001786,-0.008945,-0.001805,0.007233,0.001795
81061,0.015206,-0.034079,0.002526,-0.000608,0.014694,0.001028,-0.008731,-0.004577,-0.009369,0.016289,0.009996,-0.005119,-0.035332,0.014312,-0.014286,0.024273,0.001129,-0.001041,0.020571,0.006719,0.007434,-0.002013,0.030418,0.006931,0.011662,0.006084,0.047899,0.02202,-0.027786,-0.0337,-0.006643,0.005573,-0.005779,-0.004619,0.0112,0.015269,0.01013,-0.004166,0.00643,0.001386,-0.036203,-0.012282,-0.010658,0.019813,0.024085,-0.001489,0.006124,0.016621,0.018959,-0.00113,0.010709,0.006118,-0.012682,0.005258,-0.00269,0.010939,-0.003557,-0.010338,-0.014505,0.005109,-0.012216,0.02865,0.00351
60506,0.013355,-0.009124,-0.001315,0.010098,0.0,-0.001159,-0.007833,0.005556,0.013521,0.011333,-0.001986,0.015208,-0.00434,0.004499,-0.004339,0.000703,0.004215,-0.018467,0.011402,0.005073,0.004907,-0.011441,-0.009315,0.016954,-0.027319,-0.008354,-0.000145,0.00247,0.007245,-0.022299,0.015819,0.006695,0.010409,-0.0093,0.001155,0.011974,-0.028083,-0.016427,0.007456,-0.006809,0.00611,0.007851,-0.032628,0.006229,0.036086,0.007578,0.008678,0.006883,-0.000285,-0.00584,0.00043,0.002148,0.000715,-0.01114,0.025274,0.002958,0.014466,-0.012322,0.000841,-0.001401,-0.00547,-0.003103,0.013722
85753,0.024235,0.004947,0.006475,-0.010421,0.016709,0.002801,-0.003952,-0.000265,0.002963,0.000369,-0.002901,-0.001322,-0.013242,0.001879,0.002089,0.01203,0.00037,-0.000951,0.056454,-0.011958,-0.000101,-0.015244,0.002777,0.010104,0.000914,-0.020038,-0.000155,0.003003,0.004697,-0.027898,0.010782,0.013752,0.015216,-0.007773,-0.005837,0.007211,0.010892,-0.015479,0.000514,0.000257,-0.001335,0.007197,-0.004798,-0.028977,0.026198,0.031088,0.014626,0.018843,9.7e-05,-0.002559,-0.000387,-0.005472,-0.000828,-0.009064,0.012737,0.016899,0.007688,-0.00128,-0.005599,-0.007969,-0.01063,0.007779,0.009021
15826,0.018687,-0.009434,0.01918,-0.032836,0.006844,-0.0004,-0.005333,0.001877,0.010169,-0.002914,-0.011823,-0.012098,-0.009933,-0.027763,0.026011,-0.001791,-0.006349,0.009168,-0.015141,0.016352,0.001375,0.010986,-0.07987,0.011515,0.023643,-0.024522,-0.0171,-0.012788,-0.006025,-0.054554,0.027569,0.01747,0.017937,-0.016416,-0.014087,0.023761,0.008192,-0.040776,0.014275,0.01794,-0.03935,0.006959,-0.027014,-0.021469,0.045695,0.024294,0.012937,0.0409,0.0279,-0.0027,0.00399,0.024411,-0.008174,0.00866,-0.005401,0.011696,0.024222,-0.020828,-0.002196,-0.039059,0.001145,0.019014,0.017537
44206,-0.003805,0.000707,-0.00311,-0.002127,0.010233,-0.006472,0.002266,-0.00664,0.004125,0.001133,0.001415,-0.008901,0.000855,-0.003561,0.000429,0.005858,0.006534,-0.000282,0.002541,-0.006195,0.015302,-0.007396,0.005483,0.00783,-0.002913,-0.005009,-0.015522,0.00071,0.018595,0.01714,-0.00548,0.000138,0.0073,0.00547,0.00136,0.001494,0.007255,0.014917,0.000534,-0.010016,-0.016727,0.003841,0.009157,0.013407,-0.00588,0.025944,0.006944,-0.007157,-0.00367,-0.007103,0.013646,0.002091,0.009652,-0.011756,-0.002745,0.011535,0.004665,-0.001677,-0.000129,-0.005298,-0.020915,0.000531,0.004641
23660,0.0142,0.005415,0.006308,-0.009885,0.005016,-0.000291,-0.007658,0.001172,0.002439,0.009393,0.004002,0.005283,0.002914,0.017815,-0.013618,0.012478,0.011247,-0.004634,0.009218,0.000415,0.001245,-0.004974,0.017217,0.014333,-0.000135,-0.01817,0.004889,0.00723,0.005959,-0.028407,0.01649,0.006725,0.009795,-0.001341,-0.000179,0.01625,-0.003172,-0.009236,-0.007583,-0.008135,0.005664,0.00748,-0.007916,0.007032,0.013922,0.017704,0.004468,0.004664,0.008254,-0.009636,0.010419,0.005369,0.001738,-0.017346,-0.003573,0.015814,-0.010506,-0.001075,0.003141,-0.007121,0.005703,0.012502,0.006831
12449,0.010017,0.004176,-0.00052,-0.006601,0.008014,0.002277,-0.002392,-0.000519,-0.000919,0.005842,0.000756,0.002067,-0.003649,0.000995,0.004296,0.016515,-0.001286,0.003433,0.002527,0.009113,0.002805,-0.012953,-0.002834,0.003543,-0.004345,-0.031056,0.070498,0.0,-0.009617,-0.024808,0.029328,-0.001701,0.026308,-0.006897,0.010473,0.005403,0.005264,-0.030256,0.000487,0.003448,-0.028836,0.002654,-0.009513,-0.03075,0.013505,-0.007885,-0.001272,0.030478,0.027916,0.001878,0.002774,0.020265,-0.000806,-0.01533,0.01799,0.015806,0.000504,0.004824,0.000287,-0.006662,-0.000757,0.007542,0.005874
89070,0.00047,-0.002035,-0.008,0.000632,0.005136,0.012185,-0.000777,0.001399,-0.002328,-0.004823,-0.000156,-0.018608,-0.046447,0.00259,0.01,0.012871,0.013767,0.00217,-0.006895,-0.024463,0.019283,-0.015752,0.016416,0.008928,0.009975,-0.017204,-0.006727,-0.005303,0.000492,-0.027138,0.000758,-0.001684,-0.003965,-0.014058,-0.004295,0.001639,-0.008268,-0.010334,0.004914,-0.020782,0.000713,0.00597,0.009213,0.003248,0.027209,0.009624,0.014932,0.003491,0.008117,-0.010106,0.001743,-0.007457,-0.019534,0.002384,0.003313,0.010583,0.002848,-0.011862,-0.007355,-0.006132,-0.018252,0.009165,0.020454
93089,0.009323,0.004991,0.010377,-0.004402,-0.0014,-0.001033,-0.001699,-0.002886,0.007643,0.008764,0.006351,-0.009503,0.00293,0.007668,-0.002536,0.013296,0.000215,-0.00509,0.007782,0.003575,0.005486,-0.008927,0.00336,0.020378,0.001257,-0.020155,0.000427,-0.000427,0.001281,-0.015638,0.006066,0.010479,0.009589,-0.001126,-0.004719,0.013376,0.004679,-0.011817,0.000352,-0.001336,-0.016547,0.006086,-0.003701,0.001643,0.011481,0.017696,0.002702,0.011952,0.002731,-0.008987,0.002886,-0.002603,0.003371,-0.005486,-0.003585,0.00609,0.004264,-0.006438,0.002344,-0.007427,-0.01164,0.01381,0.012723
14776,0.021317,-0.004911,-0.002159,0.004637,-0.005846,0.007119,-0.008297,0.008677,0.002151,0.011649,-0.001515,0.006373,0.002413,0.003008,0.006299,-0.002683,0.002092,-0.000895,0.026866,0.000291,0.007556,-0.01471,-0.000293,0.011713,-0.001456,-0.008457,-0.005294,0.01715,0.017733,-0.029134,0.022948,0.002588,0.010901,-0.009364,0.002578,0.004286,0.00256,-0.013905,0.001727,-0.006033,-0.006647,-0.004073,-0.017528,-0.009813,0.019219,0.00383,0.007631,-0.016021,-0.013618,0.021909,-0.007636,0.005623,-0.000883,0.001767,0.012643,-0.017422,0.01182,0.002044,-0.009327,-0.002648,0.009734,0.001753,0.011082
77730,0.003889,-0.006313,-0.004765,0.015958,-0.003284,0.009169,-0.012351,0.015524,0.00736,-0.004637,0.008046,0.009102,0.01693,0.002866,-0.008709,0.021963,-0.009268,-0.001898,0.007335,0.000539,0.010917,-0.0028,0.004278,-0.000399,0.026102,-0.002596,0.008328,0.005807,0.023993,-0.003007,0.025135,0.008214,0.004377,-0.001332,-0.007516,-0.01539,0.008064,0.005538,-0.00306,-0.014117,-0.050181,0.010947,-0.011076,0.028594,0.01627,0.016135,0.014763,0.007946,0.000485,-0.002182,-0.005103,0.007815,-0.007512,-0.041265,-0.017191,0.007515,0.011188,0.008394,0.019296,-0.010517,-0.005627,0.001635,0.013685
76709,0.006798,-0.000888,0.011826,-0.00725,0.008144,-8.8e-05,-0.013041,-0.001157,-0.003385,0.006972,-0.000444,-0.013542,-0.029887,0.013734,0.014188,0.012907,0.000579,0.013759,0.021083,-0.0077,0.005722,0.008879,0.035376,0.033548,0.005629,-0.025528,0.001385,0.001749,0.006539,-0.021023,0.014673,0.013689,0.009697,-0.009565,-0.004087,0.003179,0.004211,0.012741,0.010017,-0.036156,0.002431,0.009093,0.00028,-0.016735,0.029684,0.014711,0.012003,0.020179,0.0134,-0.016911,0.004244,0.007961,0.002171,0.001905,0.00548,0.016906,-0.005104,0.003848,0.003943,-0.013454,-0.005234,0.008003,0.012057
87432,0.016721,-0.00515,0.00986,-0.013547,0.007918,0.0027,-0.003305,0.003193,-0.007346,-0.001233,-0.007162,-0.035448,-0.027337,0.00981,-0.007877,-0.000132,0.003044,0.012271,0.009124,-0.001162,0.01513,-0.013121,0.009423,0.013939,0.000757,-0.033774,-0.000783,0.005091,0.001299,-0.042283,0.029388,-0.110117,0.024542,-0.002742,-0.002605,-0.00885,-0.005123,-0.003972,0.009749,-0.018724,0.00328,-0.006092,0.002392,-0.000895,0.014331,0.005887,0.011851,0.005205,0.011076,-0.002845,0.002854,0.000142,-0.004694,0.004573,0.023047,0.010291,0.009222,0.000273,-0.002727,-0.008614,-0.005103,0.014555,0.020221
11674,-0.007536,0.000808,-0.003471,-0.005264,0.009445,-0.01097,0.004975,-0.001785,0.007398,0.004035,0.000321,-0.013257,0.0,0.003257,-0.003977,0.003422,0.007309,0.001048,0.001369,-0.005791,0.016907,-0.013523,0.000887,0.008862,-0.001118,-0.004077,-0.012363,0.004633,0.019256,0.011351,-0.010046,-0.003568,0.008593,0.005443,-0.000549,-0.001335,0.00849,0.008107,-0.004175,-0.02275,-0.008899,-0.004169,0.010063,0.010919,-0.003548,0.021679,0.003407,-0.007641,-0.002722,-0.004757,0.011989,-0.002168,0.012532,0.001544,-0.005935,0.011631,0.005442,-0.000534,0.003661,-0.010411,-0.021118,0.000706,0.002509
57568,0.009333,-0.007192,0.00069,-0.000345,0.001897,0.001549,-0.009622,0.010583,0.006352,-0.010065,0.005342,-0.01337,-0.00886,0.025592,0.003418,0.013456,-0.010084,0.001019,0.012551,-0.001173,0.005199,-0.021188,0.022669,0.025667,0.006662,0.000323,-0.000323,0.00678,0.031105,0.001555,-0.01506,-0.01466,0.00096,0.0,-0.00847,0.005803,-0.014423,-0.007317,0.004914,-0.002445,-0.011438,0.008926,0.008191,0.010751,0.016761,0.021557,0.018774,0.003655,0.006373,0.001809,0.002408,-0.025225,0.007548,-0.001376,0.017299,0.00316,0.008851,-0.002528,0.001491,0.013099,-0.004555,0.005166,0.027753
10909,0.005419,-0.010257,0.003337,-0.001225,0.004733,-0.004013,0.102995,0.011752,-0.023701,0.009646,0.01051,-0.006461,-0.010309,0.004968,-0.000638,0.01851,0.005013,0.007015,0.00743,0.012293,0.008652,0.003762,0.01964,0.006764,0.002629,-0.01311,0.003985,0.00838,0.005103,-0.02582,0.009976,0.011794,0.00408,-0.00624,0.015625,0.008627,-0.000285,-0.002709,0.009294,-0.006091,-0.010405,0.012819,-0.004977,-0.01272,0.026057,0.008888,0.010348,0.006782,-0.00055,-0.014168,0.008232,0.003045,-0.003449,-0.007891,-0.011332,0.00467,0.010563,0.004739,0.007768,-0.019271,-0.002947,0.010557,0.021034
35554,0.029996,6.2e-05,0.000866,0.00871,-0.000429,0.005146,-0.011764,0.005674,0.008893,0.019818,-0.024082,0.027852,0.001188,-0.012702,0.000902,0.003964,-0.00353,0.007325,0.007033,0.009943,-0.00334,-0.012936,0.009114,0.005667,-0.003405,-0.013135,-0.002149,-0.00646,0.007706,-0.034172,0.006309,-0.008482,0.016056,-0.000732,0.010929,0.004409,-0.003969,-0.017448,0.013333,-0.016311,0.015534,-0.015599,-0.009742,0.01698,0.030497,-0.005381,0.003186,-0.006771,0.011101,0.000955,-0.01377,0.007253,0.007501,-0.01763,0.012429,-0.006767,-0.000181,-0.00193,-0.000363,0.000181,0.003263,0.016263,0.008001
10516,-0.010434,-0.009841,-0.000946,0.01208,0.004681,0.003727,-0.007194,0.010753,0.001156,0.002079,-0.000922,-0.008306,0.001396,-0.006506,-0.002339,0.000938,0.001873,-0.024778,-0.019415,0.057688,0.030737,-0.011883,-0.012026,0.002986,-0.013281,-0.008819,-0.00679,0.0033,-0.003055,-0.041009,0.012534,0.003182,0.006833,-0.014057,-0.021141,0.009041,-0.006471,-0.017786,-0.001275,-0.014811,-0.001037,-0.002076,-0.00364,0.017223,0.016675,-0.009084,0.011204,-0.003274,0.012127,0.002746,0.013692,0.007122,-0.005364,-0.001226,0.011291,-0.011893,0.014493,-0.005327,-0.00852,-0.007611,0.001979,0.001728,0.005669
23026,-0.003845,-0.002654,-0.006047,-0.040156,0.038793,-0.013425,0.010638,-0.00049,0.009307,0.003883,-0.002175,-0.019864,-0.005685,0.006711,0.002222,0.003696,0.002945,0.007097,0.008019,-0.002893,0.016199,-0.001903,0.000477,0.012628,-0.005176,0.003103,-0.014038,-0.00193,0.018617,0.007596,-0.008245,-0.006413,0.007889,0.007353,0.002826,-0.004696,0.005898,0.011961,-0.006721,-0.028465,-0.01561,-0.000732,0.006836,0.010669,0.003839,0.029398,0.00743,-0.008066,-0.000465,-0.006276,0.014503,-0.000461,0.014302,-0.006141,-0.004348,-0.001379,0.005063,0.000229,-0.001603,-0.00344,-0.021399,-0.00047,0.007057
76639,0.012209,-0.003119,0.006154,0.003214,0.00682,0.003182,0.003069,0.001734,0.001833,0.008436,0.004031,-0.008532,0.013364,0.004496,0.002188,0.014688,-0.024159,-0.000802,0.009931,0.003874,0.011576,-0.01027,0.004052,0.004724,-0.004702,-0.020866,0.006031,0.000599,0.001298,-0.035205,0.016126,0.008037,0.01423,0.00796,-0.008786,0.001693,0.006661,-0.016099,0.138827,0.04751,-0.004965,0.040169,0.004309,-0.031005,0.027235,0.024154,0.003573,0.021523,-0.002091,-0.010246,-0.001804,-0.004714,0.004657,0.006993,-0.007179,0.013596,0.006753,-0.006014,-0.004343,-0.012698,0.003314,0.008336,0.00039
91103,0.013663,0.023494,0.017277,0.005226,0.00319,-0.003886,-0.003902,0.003205,0.014553,-0.003032,-0.011346,0.007691,0.047787,-0.010758,-0.008156,0.004683,0.000682,-0.013291,0.012434,0.01899,-0.00837,-0.010353,0.004207,0.002152,-0.008023,-0.024035,-0.012138,-0.006144,0.007965,-0.032079,0.016815,-0.013182,0.002793,-0.013078,0.002945,0.015048,-0.013137,-0.011847,-0.001483,-0.01213,-0.007017,0.002776,-0.022902,0.000901,0.036027,0.016518,0.013561,0.003737,-0.007205,0.00121,0.012323,0.039623,0.000115,-0.004018,0.007261,0.014417,-0.017144,-0.00482,-0.00196,-0.017216,0.003174,0.012891,0.012959
22517,-0.003151,0.002528,0.005359,-0.006899,0.015156,-0.006843,0.002192,-0.008125,0.007246,-0.003441,0.000628,-0.017566,-0.007344,-0.00386,-0.004198,0.000649,0.002916,-0.004847,-0.000649,-0.006823,0.020936,-0.003845,-0.011258,0.015615,-0.006726,-0.001612,-0.019057,-0.003622,0.025777,0.009987,-0.008293,-0.014153,-0.023491,-0.004678,-0.003357,0.017851,-0.005625,0.010316,0.014493,-0.007143,-0.023872,0.00134,-0.004349,0.014113,0.012591,0.019306,0.011878,-0.002776,-0.010638,-0.002607,0.017968,-0.001605,0.010929,-0.016216,0.004525,0.009652,0.005099,0.006658,-0.005354,-0.005066,-0.011458,0.004185,-0.005771
25582,0.022478,-0.008573,-0.011736,0.014438,0.013493,-0.002979,-0.005061,-0.003003,0.015551,0.015858,-0.012691,0.002474,0.000241,-0.003069,-0.004769,0.016135,-0.006626,-0.009975,0.010319,-0.00769,0.020161,0.066291,-0.010519,0.000619,0.003429,-0.01014,0.015224,0.010035,0.00287,-0.001266,0.003582,0.007742,0.008364,-0.003959,-0.00343,0.025953,0.003036,0.001062,-0.007744,-0.003207,-0.002145,0.003493,0.002463,0.014264,0.011798,0.029151,-5.1e-05,0.00263,-0.008224,-0.042782,0.002976,0.005828,0.004056,0.007712,0.022388,0.010236,0.005142,-0.010933,0.000355,-0.008211,-0.022742,-0.009204,-0.001742
92203,0.010069,-0.000302,0.004472,0.031045,-0.011671,0.002362,-0.013253,-0.000358,0.003225,0.011191,0.012538,-0.01558,0.011221,0.012147,-0.001673,0.021732,0.008429,-0.005497,-0.001128,0.002315,-0.006479,-0.003856,0.005009,0.011838,-0.005318,-0.020879,0.00684,-0.008335,-0.000173,-0.03518,0.018559,0.01289,0.022675,-0.021493,0.006647,0.013666,-0.004588,-0.031414,0.015159,0.004457,-0.068914,0.013986,0.010619,-0.010387,0.031305,0.026746,-0.018096,0.012384,-0.006609,0.001634,-0.004312,0.021242,0.012549,0.037519,0.025581,-0.004946,-0.003207,-0.024826,0.004234,-0.029457,0.000282,0.015792,0.000555
15720,0.012597,-0.00303,0.015038,0.003782,0.002198,-0.001097,-0.020232,0.003041,-0.000958,0.072364,-0.02875,-0.011656,-0.015984,-0.005047,-0.00111,0.009521,0.009117,-0.009657,-0.000315,-0.004091,0.007425,-0.054571,-0.009786,0.014908,0.009738,0.000654,-0.017805,-0.004823,-0.010862,0.016219,-0.004988,0.002673,-0.001,0.000167,0.001334,0.009494,0.008909,0.008994,-0.013128,-0.042864,0.006692,0.017556,-0.005528,0.020381,0.028722,0.035944,-0.016729,-0.013233,-0.028257,-0.011007,-0.011296,0.006048,-0.007348,0.011608,0.009147,0.027686,0.022771,0.025557,0.00214,-0.007475,-0.018752,0.02005,0.035166
43350,0.024528,-0.001505,0.010409,0.01556,-0.001049,0.008474,-0.014792,0.004159,0.013478,0.012398,0.00301,-0.005388,-0.008229,0.007745,-0.002127,0.01389,-0.010037,-0.01699,0.019583,0.006972,-0.004887,0.012142,0.010716,0.020738,-0.043637,-0.018921,0.002228,-0.009934,-0.002315,-0.045292,-0.001915,-0.003026,0.024282,-0.025369,0.002002,0.013174,-0.009715,-0.027292,0.007052,-0.025828,0.00657,0.006374,-0.029226,0.005659,0.041012,0.017736,0.010085,0.010866,0.013,0.0038,0.006928,0.01369,-0.009796,-0.005017,0.026705,-0.00754,0.020144,-0.019883,-0.002231,-0.009991,0.009527,0.000909,0.009987
88860,0.002884,0.024128,-0.009451,-0.004529,0.027504,-0.010714,-0.025486,0.017073,-0.001586,0.011807,-0.001808,-0.014254,-0.050975,0.028537,0.03247,0.018752,0.003377,-0.001144,0.071578,-0.00151,0.022614,-0.010287,0.014128,0.015957,-0.004893,-0.011989,-0.00811,0.001177,-0.004084,-0.036592,0.032049,0.017558,0.015842,-0.024965,-0.009082,0.0,-0.00269,-0.034408,0.011759,-0.021383,-0.024277,-0.002455,-0.04156,-0.003622,0.049132,0.017932,0.012526,0.004243,0.023955,-0.019522,0.010101,-0.002981,-0.017263,-0.055676,0.00478,0.023375,-0.003941,-0.040958,-0.004937,-0.021761,-0.028766,0.006976,0.013892
41355,0.036418,-0.001968,0.010985,0.012258,0.009523,0.006325,-0.019777,0.011829,0.015406,0.014903,-0.004135,0.004046,-0.002492,0.009407,5.3e-05,-0.003054,-0.009982,-0.02902,0.005384,0.002568,-0.013027,-0.006019,-0.021723,0.021411,-0.015569,-0.020729,-0.008248,0.004071,0.01077,-0.044868,0.006452,0.013301,0.002129,-0.032865,-0.005125,0.018029,-0.01277,-0.032156,-0.002017,-0.01933,0.004702,0.007373,-0.03055,0.025801,0.03168,0.007258,-0.002217,0.021789,0.007612,0.001679,-0.013407,0.005824,-0.00959,-0.016199,0.031012,0.006424,0.026547,-0.006044,-0.00725,-0.007244,0.009907,-0.010515,0.009261
89269,0.019962,-0.008678,-0.00596,0.00356,0.042569,0.014327,0.021893,-0.010194,-0.037703,-0.040087,0.005669,-0.059188,-0.061115,0.025314,-0.00249,0.046381,-0.002186,0.000598,0.04778,-0.00703,-0.013395,-0.035493,0.038005,0.018791,0.065602,-0.00339,0.013787,-0.033204,0.005663,-0.002725,-0.002914,-0.005663,0.020944,0.008458,-0.009458,0.029364,-0.0063,-0.023952,0.026164,-0.013716,0.002496,0.013694,0.013158,-0.102684,0.040911,-0.001298,0.000371,0.005938,0.01402,-0.014735,-0.008678,0.000931,-0.003536,0.027264,0.004545,0.003619,-0.001442,0.017876,-0.01845,-0.025664,-0.035058,0.008074,0.0
32870,-0.021895,-0.015989,-0.026695,-0.008347,0.008417,0.009301,-0.013469,0.0,-0.004551,-0.004812,-0.001215,-0.007786,-0.001471,-0.008104,0.00099,-0.029434,0.014526,-0.003768,0.00706,-0.011267,0.011395,-0.022283,0.016645,-0.000504,-0.007056,-0.015229,0.01366,0.004577,0.008859,-0.007025,-0.004295,0.003806,0.006572,-0.000753,-0.001759,0.002518,-0.008287,-0.009116,0.029134,-0.035014,0.009264,0.010199,-0.003281,0.02355,-0.001732,0.026518,0.00169,0.013497,-0.013793,0.008922,-0.006931,0.004814,-0.007665,-0.011345,-0.002197,0.007585,0.009228,-0.003609,0.017629,-0.038918,-0.009136,0.003489,0.006705
14231,-0.000788,0.015305,0.01756,-0.014432,0.008755,0.005991,0.006871,0.030937,-0.003457,-0.005462,-0.015733,0.005052,-0.033608,-0.007685,0.048737,0.018499,0.000806,0.003366,0.015535,0.01659,-0.011869,-0.010581,0.018209,0.011852,0.002525,-0.023227,0.012821,0.004738,0.017244,-0.066491,0.037652,0.018572,0.01129,-0.016989,-0.00776,0.017418,0.009224,-0.024164,-0.010998,0.001076,-0.03619,0.147297,-6.5e-05,-0.032925,0.042692,0.016133,0.005756,0.020126,0.001911,0.011876,0.01569,-0.004131,-0.010221,0.011116,0.004566,0.015369,0.00801,-0.012971,-0.035281,-0.035651,-0.010435,0.032086,0.009968
92614,-0.003933,-0.001348,0.003086,-0.001634,0.010206,-0.007434,0.004129,-0.005164,0.002788,-0.001534,-0.00192,-0.014813,-0.001367,0.023661,0.002197,-0.001239,0.009924,0.006519,0.003285,-0.004304,0.016632,-0.010075,-0.003922,0.006562,-0.001583,-0.001213,-0.011393,0.003967,0.023429,0.022352,-0.007679,0.003824,0.008253,0.007826,-0.006783,0.001258,0.012565,0.004432,0.003265,-0.003079,-0.013764,0.001431,0.009648,0.009202,-0.002104,0.023458,0.007383,-0.009033,-0.00387,-0.003971,0.014821,-0.003502,0.013627,-0.005496,-0.008332,0.011488,0.00178,-0.001015,0.002795,-0.010304,-0.015958,-0.000434,0.00642
72726,0.027048,-0.005622,0.012201,0.008967,-0.00102,0.008459,-0.010412,0.00833,0.007536,0.02172,-0.012811,0.022675,-0.029006,0.004739,-0.000858,-0.043491,-0.010918,0.014517,0.000745,0.018767,-0.010819,-0.019657,0.002714,0.010525,-0.009374,-0.023881,-0.007693,0.000775,0.004183,-0.02515,-0.006331,-0.015451,-0.003074,-0.019961,-0.008942,-0.001504,-0.004351,-0.014454,0.005628,-0.013227,-0.008249,-0.024779,-0.018301,0.013575,0.029107,-0.033837,0.009698,0.007115,0.010597,-0.036875,-0.003992,0.002551,0.005997,-0.014993,0.013387,-0.009048,0.01187,0.001985,0.003782,0.004845,-0.013571,0.007422,0.015813
85621,0.010152,0.005628,-0.002342,-0.007547,0.010506,0.004804,-0.005932,0.005422,0.003767,0.00216,0.002681,-0.01635,-0.02315,0.018889,0.007493,-0.014397,0.00264,0.007553,0.008126,0.006201,0.005044,-0.008185,0.018995,0.012254,-0.002177,-0.024278,-0.002438,0.001594,-0.018876,-0.035593,0.029782,-0.004885,0.035932,-0.024913,-0.014097,0.000447,0.010579,-0.006836,0.013475,-0.012061,0.006611,0.003546,-0.00587,0.007827,0.018031,0.020273,0.020993,0.023369,0.020117,-0.002405,0.004485,-0.014163,-0.007465,0.000442,0.015908,0.016219,0.005324,0.010616,-0.004987,0.009359,-0.009956,0.009874,0.007738
92239,0.010364,-0.004638,-0.024375,0.003123,0.005677,0.019758,-0.034911,-0.003238,-0.027938,0.087463,0.01361,0.003898,-0.011563,0.021039,0.028044,0.019212,-0.011179,-0.001403,-0.023965,-0.018119,-0.005088,-0.057289,-0.035947,0.044154,-0.014522,-0.015755,0.037288,0.008034,0.013794,-0.010405,0.005751,0.012152,0.006621,-0.00991,-0.006377,0.030487,-0.049567,-0.063712,-0.015942,-0.010866,0.003595,-0.023485,-0.001223,0.014794,0.017997,-0.028148,0.017276,0.001199,-0.007184,0.013467,-0.026577,0.022311,-0.019831,0.027349,0.0381,-0.022116,0.023299,0.0181,-0.034247,-0.010852,0.004604,-0.00702,0.013158
85257,0.012414,-0.003333,0.007286,-0.003795,0.003333,0.003915,-0.012645,0.005865,0.009043,0.01191,-0.002214,0.003387,-0.001862,0.00863,0.001503,0.007735,-0.002177,-0.013662,0.01618,0.001604,0.008349,-0.020529,0.007642,0.003792,-0.009502,-0.012252,0.000351,-0.000468,0.001521,-0.017177,0.010819,0.008821,0.00956,-0.007969,-0.008615,0.015383,-0.009946,-0.008644,-0.004477,-0.006628,-0.006434,0.005037,-0.022909,0.003541,0.018131,0.008366,-0.005097,0.021801,0.008278,-0.002081,-0.009038,0.003508,-0.008053,-0.006354,0.024393,0.003352,0.020507,-0.009257,0.001025,-0.003301,0.003084,0.004896,0.029232
78987,0.054243,0.002973,0.029412,0.010742,0.018078,0.012269,-0.012333,0.014532,-0.002971,0.014792,0.002517,0.022699,0.015342,-0.005641,-0.011245,0.005738,0.006927,-0.01376,0.00954,0.00315,0.011852,-0.00931,0.011722,0.006292,-0.037419,-0.029181,-0.027722,-0.023596,-0.001566,-0.063088,0.012558,0.013466,-0.008392,-0.021392,-0.04029,0.030299,-0.001464,-0.002933,-0.01434,-0.01629,0.018203,0.009807,-0.016105,-0.003499,0.056552,-0.022905,0.009717,0.006496,0.02486,-0.004781,-0.017928,0.00346,-0.01082,-0.023561,0.046411,-0.002941,0.009794,-0.005609,0.000353,-0.013979,0.03848,-0.000344,-0.005049
34746,0.040841,-0.001143,0.001526,0.01866,-0.002243,0.006744,-0.016375,0.010972,0.009356,0.025584,-0.019161,0.022116,-0.000721,-0.007578,0.002182,0.028665,-0.002469,-0.000707,0.004954,0.012324,0.002435,-0.011103,0.011579,0.005203,-0.006211,-0.025,-0.012108,0.003244,0.007187,-0.033892,0.011078,-0.013879,0.008889,0.001468,0.003299,0.001827,-0.002188,-0.012427,0.007772,-0.006243,0.007021,-0.013211,-0.014504,0.002642,0.028604,-0.005854,-0.002944,-0.009598,0.007082,0.014434,-0.010945,0.003689,0.006615,-0.015334,0.033741,-0.021162,0.000366,0.002198,-0.006579,-0.003311,0.006275,0.009905,0.022353
91068,-0.006434,-0.001332,0.001192,-0.003203,0.007094,0.008908,-0.005611,0.01151,-0.015747,0.00694,-0.000239,-0.008129,-0.025861,0.017131,0.002386,0.001126,0.010378,-0.044635,-0.001888,0.00164,0.014958,0.000756,0.028044,0.002331,0.010077,-0.014163,0.004317,-0.006257,0.00044,-0.025757,0.02315,0.003854,0.004307,0.009846,0.002919,-0.004178,-0.012532,-0.055124,-0.006835,0.026428,-0.017792,0.015016,-0.026593,-0.027744,0.03198,0.026126,0.018691,0.025557,0.015003,0.012102,0.011656,-0.007387,0.011334,-0.012072,0.001216,0.005201,0.003327,-0.016175,-0.003742,0.012553,-0.007815,-0.004632,0.012098
92322,0.010954,-0.014892,0.0093,-0.001113,0.009967,0.002375,-0.017688,0.005974,-0.000171,-0.01539,0.026419,0.003221,-0.002112,-0.009737,-0.009889,0.012147,0.011973,-0.006014,0.011988,-0.019668,-0.005472,-0.040232,0.026094,-0.005005,0.013803,-0.012461,0.016912,-0.000287,-0.01382,-0.037903,0.015414,0.016044,0.007455,-0.002302,0.015886,0.015148,-0.011525,-0.032255,-0.008111,-0.000716,-0.038166,0.01984,0.014979,-0.008339,0.014912,0.005812,0.008445,-0.006376,-0.003283,0.008782,0.008264,0.02039,0.01375,-0.012492,-0.00851,0.030616,0.001397,-0.00706,-0.026053,0.006204,-0.011099,-0.00174,0.007757
86288,0.028001,-0.001543,0.010528,-0.012609,0.013189,-0.008224,-0.009667,0.006963,0.006079,0.012044,0.003303,-0.010164,-0.007066,0.00233,0.011168,0.016383,-0.041832,0.024728,0.004176,0.002397,0.014204,-0.000504,0.01119,-0.005363,0.014754,-0.021552,0.002948,-0.004066,0.006933,-0.01935,0.0314,0.014309,0.015457,-0.002659,-0.000695,0.014732,0.005868,-0.02576,-0.000525,-0.002646,-0.001716,0.002638,-0.006917,-0.019661,0.01277,0.047688,0.018543,-0.000148,0.019671,-0.010391,0.005709,0.00345,-0.000218,0.009006,0.002434,0.001277,-0.00212,0.009091,-0.012452,-0.027314,-0.006909,0.015354,0.0205
92402,0.015289,0.01491,0.007077,-0.000291,0.003442,0.019373,0.004218,0.012837,0.007875,0.007813,0.004587,0.001598,-0.00155,0.010731,0.005331,0.015728,-0.005574,-0.006629,0.012272,-0.009911,0.00715,-0.011802,-0.006421,0.025487,0.011898,-0.033532,0.008561,-0.008712,0.010817,-0.039816,0.023636,0.002087,0.02603,-0.005574,-0.009519,0.01006,0.000934,-0.033093,0.005467,0.011423,-0.003704,0.010157,-0.012434,-0.017045,0.039628,0.04301,0.013134,0.011449,0.015356,-0.031313,-0.006347,-0.000128,0.004088,-0.01353,0.004299,0.0131,0.003338,-0.021227,0.011231,-0.018127,0.003337,0.011144,0.020034
82775,0.002816,-0.00702,0.004242,0.005632,-0.0014,-0.000801,-0.004009,0.005836,0.011805,0.009887,-0.006266,0.013202,-0.016336,0.007117,-0.000982,0.004323,0.002544,-0.005269,0.011575,0.004073,0.010431,-0.017396,0.014397,0.011124,-0.003225,-0.004757,0.004015,0.0,0.009522,-0.019808,0.014627,0.004173,0.012467,-0.000373,-0.008212,0.009221,0.010815,-0.016418,-0.0015,-0.014651,0.013915,-0.002256,-0.002073,0.014622,0.008797,0.019481,0.000728,-0.000364,-0.002547,-0.002553,-0.000731,-0.002562,0.008072,-0.007643,0.008252,0.004911,0.006878,0.001618,-0.000538,0.006105,-0.020525,0.009475,0.005776
15707,0.03046,-0.005031,0.001896,0.01388,0.004978,0.002477,-0.014824,0.020063,0.0,0.00799,0.005488,0.006671,-0.001807,0.005432,-0.004202,-0.003617,-0.015729,-0.01598,-0.014991,-0.003805,0.006365,-0.001265,-0.003167,0.012071,-0.016949,-0.014687,-0.005185,-0.008469,-0.028252,-0.042596,0.00565,0.012641,0.007628,0.006194,0.008892,0.033898,-0.03541,-0.026513,0.004888,-0.015288,-0.002823,0.006369,-0.035162,-0.002187,0.03214,-0.002831,-0.007097,0.007148,0.012065,0.007889,-0.008415,0.014852,-0.013937,0.010601,0.02028,0.008225,0.019715,-0.004,0.004685,-0.016656,0.01355,0.000668,-0.001336
14714,0.012402,0.00022,0.010426,-0.026729,-0.006674,0.018775,0.000915,0.015953,-6.2e-05,0.007883,0.007913,0.003666,-0.001522,-0.014206,0.01305,-0.019963,0.012988,-0.021892,0.007199,-0.010986,-0.014485,-0.00586,0.001256,-0.104359,-0.018318,-0.027954,0.002183,0.004432,-0.012003,-0.076906,0.020418,-0.000723,0.019783,-0.0138,-0.02067,0.03266,0.000751,0.004899,0.006133,-0.010159,-0.023052,0.001899,-0.013631,-0.013206,0.055312,0.03502,-0.024466,-0.041761,0.01473,-0.028272,0.003621,-0.007668,-0.024503,0.010674,0.014501,0.004544,0.022907,0.018735,-0.00513,-0.022651,0.036245,0.010497,0.006318
23819,0.028669,-0.006636,-0.000334,0.016372,0.01808,0.010333,-0.01534,0.007465,0.005155,0.004167,-0.001277,0.016619,-0.006916,-0.014562,-0.001285,0.00193,-0.033387,-0.029558,-0.012663,-0.002773,-0.015294,-0.026121,0.005437,0.001082,-0.005041,-0.024973,-0.016333,-0.019245,-0.02424,-0.027997,0.031643,0.006292,0.011333,-0.027048,-0.003971,0.020335,-0.033216,-0.049717,-0.022969,0.000871,0.00087,-0.036506,-0.039693,0.014561,0.025,-0.035064,0.016989,0.003712,0.00601,0.014706,-0.045743,0.028002,-0.012927,0.027596,0.011379,-0.018452,0.04906,-0.001748,-0.014448,-0.000444,0.031111,-0.020259,0.00044
16600,-0.008621,0.007994,0.000959,0.000435,0.008354,0.003452,-0.00215,0.0025,-0.003353,0.001639,0.005426,0.000771,-0.000685,0.001799,0.000684,-0.001538,0.001797,0.04587,0.022297,-0.006871,0.004344,-0.015459,-0.003091,-0.005794,0.014857,0.005419,0.004424,0.005126,0.010996,0.001498,-7.9e-05,0.005352,0.005871,0.003191,0.003103,0.007811,0.008672,-0.003789,-0.00023,-0.014517,0.004521,0.014975,0.008791,0.002804,0.006046,0.021633,0.009044,0.005611,-0.009202,0.000585,0.010232,-0.004269,0.005013,-0.004482,0.003994,-0.002532,-0.001885,-0.003705,0.002333,-0.001819,-0.02223,0.005442,-0.006302
11403,0.020312,-0.002932,0.008667,-0.023017,0.008324,-0.003427,0.005158,0.002488,0.001551,0.00635,0.001231,-0.005533,-0.011283,-0.009379,0.013256,0.038779,0.014243,-0.002365,0.010817,-0.000586,0.0176,-0.012107,0.013277,0.011807,-0.003842,-0.02,0.004956,-0.003481,0.009607,-0.035467,0.017788,0.009546,0.016148,-0.017036,-0.058841,0.011297,-0.00964,-0.015451,0.004237,-0.001094,-0.00266,0.008941,-0.01166,-0.029416,0.024635,0.020247,0.002946,0.013603,0.024401,0.015334,0.016862,-0.018025,-0.00558,-0.00251,0.024574,0.032221,0.017217,-0.017889,-0.001261,-0.025954,0.005905,0.004725,0.009121
13511,-0.006052,-0.005012,0.008368,-0.021221,0.007508,0.000126,0.007912,0.007268,0.014061,-0.005164,0.014551,-0.015067,-0.020656,-0.016581,0.016224,0.007564,0.008379,0.009666,0.001548,0.013667,-0.001485,-0.009806,0.00138,0.016374,-0.011684,-0.038856,0.001217,-0.002809,-0.01211,-0.044478,0.010468,-0.031298,0.023117,0.003514,-0.008554,0.018105,0.001142,-0.053553,0.002178,-0.008231,0.003917,-0.05118,-0.020362,-0.017188,0.02547,-0.012394,-0.008383,-0.010125,0.017337,0.00935,0.011256,0.011918,-0.01061,0.008412,0.001707,0.018359,-0.011859,-0.010405,-0.029244,0.000151,0.005238,0.026606,-0.005515
24010,-0.01328,-0.002438,-0.00085,-0.004678,0.009187,-0.001376,0.003922,-0.001267,0.004546,0.002315,-0.001995,-0.017465,-0.005247,0.006028,0.001926,0.007048,0.003605,0.006023,-0.00084,-0.001367,0.02,-0.010423,0.003441,0.004261,-0.004346,0.003118,-0.014195,0.000849,0.021419,0.011834,-0.010054,-0.002073,0.006439,0.010112,0.000613,-0.002756,0.008292,0.008732,-0.003624,-0.02081,-0.013102,0.005227,0.009463,0.009787,-0.005917,0.028736,0.007382,-0.003763,-0.007455,-0.003505,0.018191,-0.002863,0.010097,-0.002744,-0.00452,0.011649,0.009368,0.007927,-0.005467,-0.00434,-0.019663,0.004446,0.012493
46578,-0.011966,-0.005677,-0.00444,0.000191,-0.008728,-0.014203,-0.002934,0.005558,0.010014,0.00103,-0.006689,-0.013661,0.004398,0.003072,0.006711,-0.000129,0.004494,0.005641,0.015926,-0.007489,0.021422,-0.072435,0.003915,-0.003765,0.000472,0.001417,0.002425,-0.012498,0.00837,0.006411,-0.012807,0.007403,0.002697,-0.011229,-0.002244,0.009951,0.016332,0.001859,-0.008285,-0.018713,0.003882,0.015197,-0.005547,0.025334,0.001442,0.017016,0.022909,-0.014658,0.001021,-0.004209,0.00506,-0.00599,0.00577,-0.013131,-0.007622,-0.003645,0.009799,0.002199,0.001872,0.003608,-0.026449,0.004088,0.005516
86021,0.023986,-0.008518,-0.013603,0.016209,0.013142,-0.003713,-0.005,-0.002655,0.016019,0.015533,-0.012347,0.002426,0.000465,-0.001535,-0.006196,0.015984,-0.005213,-0.009786,0.008899,-0.005756,0.020591,0.064462,-0.012077,0.001001,0.003781,-0.010132,0.014828,0.010258,0.003242,-0.003445,0.004993,0.006794,0.008646,-0.003651,-0.002064,0.025069,0.003047,0.000616,-0.006686,-0.00574,4.2e-05,0.003281,0.00207,0.015162,0.011924,0.027789,0.001096,0.002032,-0.007333,-0.043892,0.002918,0.006639,0.004519,0.007213,0.023216,0.01046,0.007121,-0.00993,0.000507,-0.008582,-0.023096,-0.008498,-0.004103
90880,0.035753,0.025927,0.003232,0.005272,0.004808,0.00435,-0.014942,0.015168,0.008012,0.020695,-0.00891,0.01982,-0.005692,0.00014,-0.001117,0.012159,-0.005868,0.007361,0.010823,0.007434,-0.006431,-0.001158,0.005252,0.009839,-0.003855,-0.020437,-0.008595,-0.001398,0.012112,-0.035833,0.022528,-0.001895,0.019121,-0.00814,0.014535,0.017274,-0.013747,-0.013665,0.014062,-0.014619,-0.001525,-0.004721,-0.035717,0.018448,0.043614,0.003948,0.015254,0.000801,0.009208,0.00443,-0.010071,0.007647,0.013132,-0.037387,0.015224,-0.012997,0.008103,-0.01688,0.006473,-0.027214,0.016841,-0.014303,0.007846
84381,0.031061,0.006412,0.00692,0.009055,0.001892,0.003561,-0.018925,0.002082,0.000492,0.007051,0.009553,0.008495,0.003838,0.008603,-0.002949,0.000475,-0.002903,-0.067125,0.012541,0.014347,-0.001547,-0.018538,-0.008401,0.01649,-0.008726,-0.023757,-0.013815,-0.009437,-0.009112,-0.033876,0.006093,0.00241,0.004685,-0.016321,-0.010853,0.018476,-0.013064,-0.026725,-0.00232,-0.020739,0.01016,0.015153,-0.042334,0.009741,0.044977,0.000446,-0.006046,0.006083,0.010692,0.0017,-0.006915,0.008419,-0.01745,-0.004344,0.018736,-0.000441,0.02741,-0.002024,-0.00338,-0.006228,0.007508,-0.001478,0.010485
58246,0.025329,0.006257,0.009112,0.00648,0.003378,-0.006943,-0.010275,-0.000321,0.002462,0.009826,-0.005394,0.016801,-0.033466,-0.005951,0.0,0.044302,0.018658,-0.001637,0.001537,0.008698,-0.000203,-0.010046,0.009328,0.010257,-0.006836,-0.01336,-0.00636,0.001136,0.006084,-0.037003,0.010218,-0.007059,0.00573,-0.014349,0.000856,0.011337,-0.01269,-0.034597,0.013425,-0.020363,-0.000447,-0.019902,-0.024413,0.003976,0.035523,-0.01226,-0.001366,0.006499,0.00136,-0.006901,0.00262,-0.001932,-0.000802,-0.014913,0.006172,-0.01331,0.005748,0.01108,-0.009344,-0.001397,0.011194,0.012915,0.02459
77357,0.021016,-0.00051,-0.000766,-0.018396,0.011539,-0.001372,0.002233,0.005056,0.004093,0.003652,-0.005246,-0.007145,-0.005911,-0.000517,0.008708,0.024789,-0.000167,-0.001418,0.003509,-0.002165,0.010179,-0.008176,0.00508,0.007871,-0.000986,-0.016128,-0.001756,-0.003854,0.007738,-0.032716,0.015876,0.021148,0.024453,-0.014452,-0.052558,0.006695,-0.00596,0.016683,-0.002564,0.010025,-0.014082,0.007056,-0.005126,-0.026022,0.040914,0.02482,0.009423,0.014576,0.018725,-0.000634,0.004757,-0.005996,-0.009367,-0.002244,0.010761,0.014222,0.018488,-0.008999,-0.005666,-0.027086,-0.005295,0.013228,0.024439
28484,0.010128,-0.008054,-0.01309,0.01998,0.037037,0.00127,-0.008561,0.013112,-0.001105,0.044399,-0.008472,0.011749,-0.005881,-0.00091,0.030671,-0.006187,-0.023866,-0.025361,-0.005142,0.001096,0.003129,-0.015752,-0.018698,0.020991,-0.006642,-0.00812,0.018299,-0.002837,0.005059,-0.010695,0.02035,0.0134,0.020141,-0.009947,-0.006241,0.018076,-0.035661,-0.079264,0.007795,-0.004876,-0.010815,-0.012812,-0.033397,-0.020229,0.020281,-0.029728,0.024732,0.018552,0.012909,0.01257,-0.022241,0.028214,-0.013891,0.010655,0.014691,0.003577,0.040733,-0.001957,0.006373,0.009742,0.051294,-0.016672,-0.011199
52090,-0.001859,0.00439,0.001325,0.005224,0.003026,0.009151,0.000131,0.008284,-0.003429,-0.001168,0.007279,-0.011485,-0.00483,0.012594,-0.011077,-0.009105,0.000331,-0.002379,0.012387,0.003468,0.003912,-0.009612,0.00223,-0.004384,0.006375,-0.000261,0.007577,0.004408,0.011231,-0.016978,0.003376,0.003106,0.005355,-0.005005,-0.000903,-0.007681,0.012164,0.004306,-0.006911,-0.014885,0.00085,0.01464,0.005089,0.006793,-0.025334,0.021487,0.008375,0.000507,-0.00545,-0.00102,0.002105,-0.001655,-0.001594,-0.007152,-0.011834,0.013733,0.001413,-0.010002,-0.001684,-0.006876,-0.016069,0.034787,-0.005517
13379,0.017978,0.007017,0.008925,-0.022659,0.021834,0.007226,0.000463,0.032616,0.010902,-0.00325,-0.001927,-0.008613,-0.034527,-0.006439,0.014991,0.027769,-0.002395,0.018531,0.01429,0.008569,-0.006048,-0.023399,-0.002522,0.005577,-0.000887,-0.028201,0.003656,0.005009,0.006721,-0.048455,0.032477,0.030692,0.029704,-0.018128,-0.015825,0.029331,-0.015549,-0.05429,-0.073254,0.024225,-0.027989,-0.009851,-0.030697,-0.043337,0.024576,-0.006802,-0.013247,0.016804,0.064397,-0.014851,-0.005311,0.018169,0.0,0.009134,0.006369,0.016905,0.019327,-0.001044,-0.01134,-0.040186,0.023477,0.028735,0.012235
46886,0.02303,-0.001719,0.017384,-0.000645,0.002823,0.003056,-0.020767,0.009907,-0.003486,0.004231,-0.00956,0.017178,-0.005066,0.00388,-0.009098,0.000731,0.020136,-0.001831,0.00303,0.002067,0.011345,-0.011924,0.017545,0.002341,-0.030046,-0.061392,-0.020605,-0.003667,-0.000964,-0.045518,0.013691,0.007119,-0.014228,-0.001655,-0.027532,0.011552,-0.008799,-0.012844,-0.006888,-0.010307,0.006327,0.010736,-0.013684,-0.012516,0.034781,0.0094,0.01458,0.014463,0.036922,0.006787,-0.036155,0.007629,-0.011177,-0.016135,0.034096,0.005824,0.013629,0.00123,-0.006232,-0.001325,0.033431,0.007617,0.003907
11618,0.023014,0.003344,-0.002878,0.007596,0.005277,-0.0012,-0.024328,0.003386,0.050468,0.017961,-0.013485,0.010906,0.008774,0.013546,-0.013787,0.020399,0.003516,-0.005466,0.00451,-0.011925,0.001704,-0.018143,0.008373,0.014603,-0.041061,-0.021483,-0.004812,-0.002569,-0.005605,-0.028336,0.005958,0.002494,0.004509,-0.00681,-0.001091,0.014197,-0.011229,-0.024891,-0.015316,-0.015554,0.00395,0.007213,-0.004232,0.008826,0.029812,0.012587,-0.006837,0.009387,0.011779,-0.008885,-0.002473,0.014255,-0.032997,-0.009795,0.024569,0.009031,0.025926,-0.019254,0.000307,-0.014413,-0.005912,0.008138,0.011798
85914,0.014495,-0.008878,0.015256,0.027985,0.002682,0.000669,-0.000936,-0.003478,-0.006846,-0.005542,-0.004486,-0.001092,0.00328,0.00327,-0.014123,0.01405,0.014534,-0.01205,-0.013416,0.008104,0.013898,-0.007795,0.018285,-0.001995,-0.000933,-0.022279,0.002592,-0.016195,-0.013418,-0.05917,0.00775,0.003549,0.012968,0.002764,-0.001306,0.016124,-0.011151,-0.048431,0.001823,-0.008189,-0.01315,0.007282,-0.035995,0.008776,0.011389,-0.011261,-0.014552,0.022793,0.02307,0.005062,-0.0087,0.021567,0.002886,0.009087,0.030317,-0.015004,0.011387,-0.012429,-0.001036,-0.016007,0.026359,0.004843,0.018402
24985,-0.010333,-0.00316,-0.00441,-0.009413,0.011599,-0.009946,0.004883,-0.00722,0.004755,0.001949,0.000695,-0.016382,-0.003387,-0.001841,0.000567,0.008934,0.011806,0.003751,-0.001107,-0.011361,0.019759,-0.007283,0.001384,0.008432,-0.002742,-0.000687,-0.018432,0.007567,0.019332,0.017874,-0.010054,-0.00176,0.007054,0.006331,-0.000268,-0.005355,0.007807,0.011219,-0.004359,-0.014062,-0.015205,-0.003689,0.00576,0.015544,-0.000403,0.0227,0.005122,-0.008493,0.000527,-0.006783,0.017483,-0.000393,0.006561,-0.006648,0.003018,0.006149,0.005982,0.001163,-0.007101,-0.004161,-0.024158,-0.001071,0.006162
18452,-0.118534,-0.00058,0.014934,0.028571,0.034028,-0.056682,-0.039727,-0.108541,0.014804,-0.018276,-0.063194,0.002495,0.057956,-0.019324,0.044208,-0.011323,-0.040332,-0.025597,0.015975,0.058526,-0.013039,-0.017559,0.046809,0.016423,-0.031035,-0.020307,-0.108359,0.042903,-0.074121,-0.057546,0.049221,0.069675,0.028868,-0.032554,0.015616,0.016108,0.042695,0.003974,-0.017381,-0.003678,-0.011074,-0.025418,0.050885,0.033322,-0.006214,0.064898,-0.021901,-0.038455,-0.042187,0.02308,0.005855,0.047937,-0.004084,0.043307,0.012579,-0.013199,-0.011172,0.022597,-0.007781,0.004392,-0.016708,0.036525,0.006741
92257,0.020941,0.004124,0.006377,-0.025989,0.024257,0.003929,-0.004396,0.01944,0.016534,0.001923,-0.003475,-0.011971,-0.004056,-0.005183,0.018449,0.023752,0.012136,0.008414,-0.002248,0.008362,0.013656,-0.008181,-0.012151,0.0164,-0.003394,-0.036823,0.013017,0.000101,0.012039,-0.040136,0.030671,0.016824,0.021167,-0.009148,-0.031035,0.024934,0.007318,-0.034459,0.006558,-0.022223,-0.011984,-0.000941,-0.07384,-0.044694,0.031525,-0.023222,-0.020135,0.013839,0.016427,0.01779,0.004684,-0.007959,-0.035532,-0.008438,0.016839,0.022042,0.020182,-0.019953,0.012285,-0.026493,0.008135,-0.003483,-0.025923
79906,-0.000698,0.008726,-0.027105,-0.013397,0.018505,-0.003893,-0.020135,0.00822,-0.028174,-0.020479,-0.015743,-0.014971,-0.034555,-0.004844,-0.004056,0.023758,-0.025063,0.005713,0.014742,-0.008663,0.032536,0.027474,0.025726,0.026192,0.023357,-0.020824,-0.004566,-0.010018,-0.016337,-0.061106,0.004752,-0.001577,0.021713,-0.005667,-0.004793,0.024079,0.004321,0.01873,0.015528,0.000122,-0.051003,0.014822,-0.001397,0.011828,0.025138,-0.006621,-0.014317,0.012146,-0.049858,-0.016146,0.003176,0.00752,0.017546,0.053146,0.029814,0.007001,0.020031,0.024604,-0.020068,0.007938,-0.0226,-0.010627,0.002833
26825,-0.023702,0.005891,0.005501,-0.003706,0.0062,0.012324,-0.005913,0.006823,-0.003475,0.003836,0.013549,0.000686,-0.005138,0.006197,-0.00154,0.001199,0.002396,-0.010756,0.025199,0.00404,0.011066,-0.015091,-0.033844,-0.015859,0.016469,-0.004355,0.00175,0.009432,0.014708,-0.014666,-0.010557,0.003498,0.000523,-0.00662,-0.010172,0.001772,0.005129,0.004575,-0.009284,-0.035361,-0.032258,-0.013447,0.019774,0.023592,0.01487,0.007509,0.013816,0.003945,-0.02179,0.01625,0.010061,0.006937,0.000353,-0.001413,-0.018568,-0.007928,0.002361,0.007248,0.003598,-0.022585,-0.019806,-0.004864,0.007144
90808,0.010504,0.00158,0.013534,0.003932,-0.000408,0.005796,0.005925,0.001775,0.003463,0.009632,-0.002703,0.004305,-0.009286,-0.002484,-0.001285,0.012304,-0.011042,0.005864,0.020284,0.017376,-0.001077,-0.007933,-0.004503,-0.008812,-0.023682,-0.009832,-0.008139,-0.021088,-0.004526,-0.016757,0.023893,-0.003513,-0.008142,-0.016163,0.001892,0.008585,-0.00383,-0.002313,-0.004466,0.000604,0.000259,0.00069,-0.009475,0.010174,0.03426,0.003496,-0.000415,0.017259,-0.006933,0.01076,0.009426,0.011351,0.009393,0.001971,0.004171,0.016067,-0.000308,0.00679,-0.001916,-0.003686,-0.016108,0.019427,0.022207
15202,0.015118,0.003162,-0.011363,0.003775,0.00468,0.003993,-0.008203,0.000501,0.006095,0.013777,-0.000327,0.003849,-0.003916,0.005733,0.003827,-0.001217,0.012102,-0.022952,0.00961,0.001139,0.024785,-0.018635,0.043956,-0.005418,-0.000233,0.010197,-0.009478,-0.001089,0.004127,-0.009384,0.011274,0.00511,0.005315,-0.004367,0.000308,0.012078,-0.027516,-0.020322,0.009758,-0.003406,-0.000477,0.010576,-0.017153,0.0273,0.027665,0.011527,0.01252,-0.005035,0.008781,-0.03386,-0.001374,0.010934,0.002798,0.007014,-0.008388,-0.00642,0.01642,0.009049,-0.003558,-0.000372,-0.00067,0.008265,0.014031
30681,0.008631,-0.001087,-0.000408,0.006122,0.016225,0.002262,-0.004646,0.002801,0.006251,0.010177,0.006149,0.056567,0.031385,-0.0179,-0.006197,-0.015161,-0.007325,-0.005753,0.024151,-0.007124,-0.01002,-0.013245,0.002406,0.011117,0.002374,-0.01396,0.004045,-0.001637,0.003153,-0.016468,0.006263,0.005335,-0.00139,0.005946,-0.002641,0.009836,-0.003746,-0.007395,-0.004799,-0.005202,-0.01148,0.000516,-0.002321,-0.000517,0.009183,0.002948,0.00345,0.009932,-0.009078,0.007889,0.007449,0.012907,-0.010227,0.005544,0.004261,0.009733,-0.002348,0.008175,0.000614,-0.014121,0.008718,0.000123,0.011728
23393,0.010389,0.000556,0.001805,0.00707,-0.00468,0.000692,0.008983,0.002876,0.006556,0.002578,-0.001624,-0.002711,0.001087,0.002444,-0.001084,-0.004203,-0.002179,0.001638,0.009809,-0.004452,0.01572,-0.017478,0.013851,-0.004286,-0.006591,-0.013135,0.004116,-0.007242,0.011838,0.005441,-0.016405,0.015731,0.006657,-0.002969,0.001218,0.000406,0.001892,0.014028,-0.006252,-0.021684,0.003831,0.020444,-0.006144,0.020965,-0.01132,0.025429,0.010387,0.002056,-0.008848,-0.007763,0.001304,0.001953,0.002859,0.002203,-0.012932,-0.001834,0.002231,-0.0055,0.00237,-0.011167,-0.033878,0.005776,-0.001094
81540,-0.005407,-0.058162,0.007518,0.012259,0.017112,0.011001,-0.008833,-0.044298,0.002432,0.007549,0.01833,-0.009986,-0.040478,0.002075,-0.019186,0.033352,0.008988,-0.004994,0.004476,0.006212,0.003355,-0.018325,0.050007,0.026992,-0.010488,-0.010854,0.016267,0.005843,-0.021596,-0.023106,0.013346,0.015256,-0.003468,0.00696,0.019298,0.016913,0.015266,-0.016626,0.002984,0.002603,-0.031401,-0.000383,-0.005873,0.032237,0.022894,-0.006812,0.001225,0.021162,0.015453,-0.00059,0.00779,0.012415,-0.016081,0.00341,0.001289,0.007139,-0.00581,-0.012857,-0.01113,0.0091,-0.005933,0.022082,-0.004321
13641,0.021275,-0.011573,-0.024685,-0.001201,0.026142,0.018546,-0.014471,0.010016,-0.038028,0.063651,-0.003011,0.008588,0.012819,-0.008869,0.03654,0.005486,-0.006887,-0.012878,-0.021896,-0.002892,-0.004771,-0.047185,-0.022196,0.01362,0.002289,-0.024528,0.077573,0.022579,-0.003234,-0.006395,0.017817,-0.000458,0.014396,0.003525,-0.01225,0.037753,-0.043234,-0.044544,0.002571,-0.005667,-0.021349,-0.009476,-0.02282,0.001122,0.009779,-0.030364,0.015189,-0.005739,0.005978,0.022131,-0.015537,0.019957,-0.012179,0.026579,0.02914,-0.004018,0.033279,0.020495,-0.019583,-0.022482,0.019103,0.002425,0.013769
64995,0.038095,0.007339,-0.002429,0.003043,0.006675,-0.003617,-0.016334,0.007995,0.003051,0.026764,-0.013033,0.019208,0.01119,-0.022132,0.011912,0.011183,-0.00291,0.000584,0.008752,0.014459,0.00057,-0.011396,0.014986,0.006246,-0.002257,-0.018665,-0.009798,0.006403,0.000578,-0.044509,0.023593,-0.020686,0.01207,-0.001193,0.007164,0.004742,-0.014159,-0.01137,0.016949,-0.016837,0.007951,-0.010922,-0.020245,0.019411,0.040541,-0.002952,0.00296,-0.013577,0.012567,0.018913,-0.012761,0.002938,0.004687,-0.015744,0.018957,-0.013954,-0.004717,0.010071,0.002933,-0.004094,0.008221,0.009901,0.023645
37584,0.019312,0.005625,0.005887,0.007902,0.012776,0.010608,-0.028085,0.021016,0.001429,0.012275,-0.01551,0.018333,0.0,-0.007032,-0.007365,0.011701,0.006206,-0.006448,-0.009311,-0.026488,0.011995,-0.015901,0.007932,0.00991,-0.005483,-0.025247,0.008336,-0.004133,0.011859,-0.041313,0.021394,-0.002394,0.007199,-0.010721,0.003311,0.012001,-0.002965,-0.013976,0.003619,-0.018329,0.009183,-0.001213,-0.033708,0.010057,0.026758,0.000303,0.004847,0.01417,-0.007134,-0.000898,-0.002697,0.002704,-0.0003,-0.014988,0.020085,0.01074,0.019481,-0.008686,0.003213,-0.016594,0.01569,0.019528,0.002304
84723,-0.005851,-0.006327,-0.009181,0.009266,0.000592,0.006364,-0.012059,-0.001935,0.000895,0.00596,-0.015553,-0.011887,0.000914,-0.011106,0.023385,0.007817,-0.021181,-0.010668,0.007548,-0.006421,-0.009848,0.001554,-0.003103,0.003424,-0.002327,0.014304,-0.021459,0.017701,0.044636,-0.032857,0.022395,-0.001341,0.011788,-0.008848,-0.012052,0.011145,-0.008639,-0.02509,-0.005086,-0.030669,0.021892,-0.014699,0.002698,0.024691,0.021625,-0.005897,0.022662,0.005354,-0.017751,-0.003765,-0.017838,0.011698,-0.004868,0.004586,0.010653,0.007679,0.019277,0.010263,-0.008852,-0.008785,0.013885,-0.006119,0.003371
76226,0.014307,-0.005601,0.018148,0.017414,0.014297,0.02025,-0.005449,0.010174,-0.001356,0.000388,0.00349,0.009274,0.005551,-0.002665,-0.024432,0.0045,0.000195,-0.013437,0.010659,0.010742,-0.009275,-0.002731,-0.013886,-0.013685,-0.001408,-0.02356,0.001031,0.004944,0.010455,-0.041388,0.009312,0.003145,0.01087,0.000414,-0.001447,0.012627,-0.012265,-0.008485,-0.008975,0.002949,-0.0189,0.031678,0.00166,-0.000828,0.011816,-0.010244,0.002691,0.003303,-0.009294,0.002293,0.0052,0.020691,-0.006892,0.003266,0.001221,0.01077,0.020708,-0.005909,-0.003566,-0.0173,-0.016593,0.004527,0.022122
81736,0.006733,0.003248,-0.019141,-0.016505,-0.00385,0.00545,-0.001084,0.002664,-0.007676,0.01428,0.008017,-0.012124,-0.043986,0.019,0.007962,0.014799,0.002365,0.005112,0.016528,-0.00837,0.013971,-0.000574,0.01235,0.065633,-0.000444,-0.002575,-0.004896,0.005654,0.000357,-0.011063,0.010916,0.006782,0.005407,-0.00573,-0.006384,0.003837,0.005601,-0.003359,0.010201,-0.004478,-0.010672,0.010074,0.007237,-0.011917,0.011618,0.009293,0.015287,0.004363,0.007922,-0.001183,0.011338,-0.000753,-0.011303,0.003472,0.009536,0.007607,0.022648,-0.025959,0.009161,-0.010564,-0.003253,0.009205,0.011857
16343,0.015364,-0.003947,-0.002202,-0.017432,0.002919,-0.01142,-0.010646,-0.001832,0.001835,0.018773,-0.016854,0.011657,0.001808,0.020298,-0.018347,-0.002027,-0.006769,0.014993,0.007833,-0.006218,0.062346,-0.042701,0.035816,0.004667,-0.018159,-0.006237,-0.00541,-0.027198,0.003131,-0.049052,-0.003517,-0.002588,0.007313,-0.029742,-0.017862,0.0145,-0.03125,-0.014004,-0.020796,0.005456,0.001809,0.01367,0.018066,0.018495,-0.000982,0.015721,-0.025635,0.014396,0.012479,-0.004833,0.000243,-0.000728,0.0,-0.004616,0.038809,0.053806,0.030769,-0.003461,-0.002822,0.000871,0.007612,-0.005396,0.002604
16678,-0.004878,-0.029412,0.001683,-0.005042,0.009291,-0.001674,0.003353,0.043442,0.030424,-0.002719,-0.007791,0.003926,-0.001173,0.009397,-0.010861,-0.01098,0.013878,0.007822,-0.02988,0.0228,0.008213,-0.007758,0.007819,-0.001552,-0.001166,0.002334,-0.019014,0.003165,0.018533,-0.017035,0.0,-0.001584,-0.021817,-0.017843,-0.006193,0.009555,-0.012346,-0.019583,0.008075,-0.004216,-0.024979,-0.010855,0.001317,0.006576,0.029181,-0.011003,0.014121,0.009705,0.019223,0.01107,-0.001217,-0.000406,-0.014622,0.004122,-0.017241,-0.012531,-0.021574,-0.038478,-0.007194,-0.010417,-0.019222,-0.001867,0.01496
90199,0.0182,0.001986,0.009713,-0.000982,0.008253,-0.007796,-0.010411,0.009726,0.007667,0.017753,-0.017826,-0.011124,-0.005131,0.006348,-0.004337,0.019402,0.005049,-0.008889,0.008969,-0.00599,0.012247,-0.011331,-0.000971,0.007389,-0.00386,-0.030614,-0.011193,-0.017384,0.002057,-0.011907,-0.008726,0.000838,-0.001257,-0.008178,-0.010994,0.011116,-0.000211,0.001269,0.016051,0.006236,-0.024582,-0.020119,-0.012319,0.016849,0.019152,0.008235,0.011728,0.019665,0.012992,-0.004008,-0.012676,0.01345,-0.003418,0.002219,0.011274,0.003982,0.00238,0.015826,-0.012853,-0.012823,-0.005995,0.021914,0.009246
83621,0.025943,0.000854,0.004957,-0.018882,0.004595,0.003121,0.001341,0.00675,0.003565,0.00509,0.002163,-0.002948,-0.012196,-0.002673,0.01313,0.016716,0.003694,-0.00508,0.014224,-0.005497,0.011416,-0.016803,-0.00587,0.0058,0.000571,-0.019107,0.010639,-0.0022,0.007191,-0.041224,0.011198,0.004945,0.024017,-0.020424,-0.015251,0.006444,-0.001776,-0.029214,0.011326,-0.009607,-0.005765,0.007415,-0.006586,-0.023733,0.04063,0.019138,0.018025,0.021617,0.009261,-0.001384,0.015194,0.003539,-0.006752,0.008066,0.015952,0.010699,-0.001715,-0.013451,0.00214,-0.02453,0.011352,0.011023,0.019665
21573,0.029825,-0.010913,0.012094,-0.008176,0.001268,-0.000211,-0.004856,-0.004244,0.00277,0.014875,-0.014238,-0.046092,-0.021153,0.010692,-0.005402,0.011315,-0.008951,0.027997,0.010103,0.010872,0.006883,-0.016877,0.006953,0.016401,-0.011465,-0.011598,-0.008692,0.001973,-0.001313,-0.03264,0.013134,0.001788,0.012048,-0.006393,-0.041491,0.030324,-0.013929,-0.011848,-0.002306,-0.005611,-0.012462,-0.00619,-0.006469,0.011816,0.045996,0.007063,0.009955,0.007393,-0.028241,0.00595,-0.010009,0.009191,-0.021175,-0.012096,0.004945,0.00656,0.014199,0.000918,-0.029351,0.007796,-0.002813,0.008933,0.00932
80320,0.026242,0.015761,0.009025,-0.011612,0.015241,0.01079,-0.006188,0.000467,0.009647,0.007397,-0.002448,-0.00046,-0.00583,0.004012,-0.001076,0.013387,0.010173,-0.011574,0.016728,0.00329,0.003578,-0.019459,0.011059,0.005544,-0.001341,-0.015219,0.003333,0.001963,0.007837,-0.024525,0.008738,0.007751,0.011461,-0.021917,-0.003659,0.008874,-0.01744,0.079488,0.015013,0.010001,-0.016876,0.015038,-0.000978,-0.002518,0.015007,0.009672,0.009169,0.012341,0.002545,-0.015366,0.014927,-0.000267,-0.012839,-0.007993,0.002049,0.009541,0.009181,-0.010836,-0.002299,-0.005287,0.000136,-0.000409,0.018811
29946,0.015347,-0.012876,-0.004537,0.008166,0.002449,-0.003758,-0.003018,0.002838,0.001509,0.00339,0.007884,-0.020674,0.006086,-0.000945,0.00246,-0.002265,0.005108,-0.008658,0.017467,-0.011383,0.005851,-0.021392,-0.00326,0.019623,-0.00717,-0.003041,0.007244,-0.01003,-0.00822,-0.022552,0.01972,-0.002901,0.014546,-0.003441,-0.006522,0.017185,0.002847,-0.010789,-0.002488,-0.014963,-0.009932,0.003737,-0.020576,0.006803,0.029014,0.048011,0.032717,0.011276,0.013274,-0.001223,0.006995,-0.005036,-0.017979,-0.024529,-0.012026,0.01457,0.007453,-0.005594,0.002722,0.008143,-0.01436,0.006738,0.002713
78840,-0.00238,0.002719,0.017509,-0.031142,0.000965,0.012777,0.004951,0.010754,0.009374,-0.006269,0.024251,-0.014599,0.004861,0.013684,0.018862,0.020922,0.004763,-0.000435,-0.003829,-0.009565,-0.008555,0.000712,-0.003422,0.018062,0.000964,-0.012473,0.058719,-0.031352,-0.014649,-0.009736,0.000886,0.015575,0.036206,-0.012067,-0.011406,-0.01623,-0.009146,-0.013824,-0.001836,0.007268,-0.010824,0.00063,-0.00612,-0.02753,0.03818,0.020675,-0.006503,0.009199,0.004032,-0.007158,0.007782,0.006762,-0.010226,0.003502,-0.007155,-0.009623,-0.002218,-0.025346,0.033441,-0.060039,0.01564,0.008786,-0.002842
12062,0.011832,0.018025,-0.005711,0.004915,0.009717,-0.001321,-0.007117,0.012497,-0.010902,-0.00266,0.010289,-0.040611,-0.05537,0.007353,-0.00668,0.048804,0.017648,0.004936,-0.000646,0.005562,0.028557,0.007754,0.027736,-0.004106,0.002971,-0.019463,0.007891,0.014801,0.002531,-0.025971,0.008085,0.012429,-0.002238,-0.003515,0.007177,0.00471,0.006552,-0.007285,0.003369,-0.009293,-0.00938,-0.002016,-0.004652,0.00658,0.016801,0.002464,0.002338,-0.001495,0.002755,-0.004957,-0.00084,0.009251,-0.009642,-0.001563,-0.000241,0.020531,-0.008909,0.016727,-0.008665,0.000532,-0.00732,0.01665,0.011289
23473,0.004773,-0.009153,-0.000585,0.002106,0.006655,-0.006495,-0.006771,0.011401,0.009529,0.007137,-0.004115,0.006772,-0.01425,0.001503,-0.007275,0.011516,0.008395,0.067054,0.006626,0.008493,0.012528,-0.009981,0.007666,0.001251,0.000833,-0.011857,0.001579,-0.000736,0.013882,-0.012343,0.005461,0.007103,0.007571,0.00597,0.003684,0.011622,0.004132,-0.004215,0.004737,-0.008426,-0.003642,-0.001015,-0.001525,0.013538,0.001808,0.018546,0.001083,0.009144,-0.000585,-0.005654,0.009608,-0.003205,0.00867,0.003091,0.005777,0.009047,0.010492,-0.012743,0.004111,0.00019,-0.026561,0.00577,0.008071
14939,0.022248,0.001683,0.00784,-0.011335,0.005283,0.004584,0.003005,0.005548,0.008276,0.005144,-0.001524,-0.012868,-0.024525,0.017441,0.008348,0.018545,0.005636,-0.054424,-0.021199,0.009898,0.003459,-0.013444,0.017354,0.009502,-0.000454,-0.019514,0.003819,-0.005187,-0.005446,-0.0374,0.014161,0.007399,0.009241,-0.039089,-0.089177,0.01073,0.005308,-0.029039,0.001767,-0.007599,-0.023383,0.112994,-0.05485,-0.012245,0.053227,0.011771,0.010622,0.027653,0.0028,0.015906,0.008247,0.005571,-0.011788,-0.005845,0.031918,0.009186,0.018551,-0.022398,0.000347,-0.014228,0.023586,-0.001261,0.030877
81774,0.016292,0.001527,0.003049,0.030395,-0.016962,0.030758,-0.026201,0.008221,-0.00593,0.025354,-0.00073,0.034332,0.002825,-0.014085,-0.025,-0.013919,0.008915,-0.100884,0.023751,-0.0056,-0.009654,-0.048741,-0.017079,0.038228,-0.019247,-0.023891,-0.006119,-0.007916,0.007979,-0.058048,0.014006,-0.000921,-0.017512,-0.027205,-0.016394,0.014706,-0.028019,-0.010935,0.013065,-0.00496,-0.003988,-0.017017,-0.011202,0.021627,0.040323,-0.021318,0.008911,0.015702,0.025121,0.000943,-0.002825,0.022663,-0.016621,0.008451,0.036313,0.005391,0.01698,-0.003515,0.0,0.0,0.013228,0.006092,0.004325
34817,0.023308,-0.003684,0.018322,0.001981,-0.000165,-0.00346,-0.027116,-0.010367,-0.009617,0.015086,-0.010933,0.005527,-0.003779,-0.008621,-0.009043,0.028782,-0.005118,-0.015775,-0.017596,0.00869,0.00334,-0.021377,0.000895,0.031306,-0.016826,-0.008821,0.004272,0.002481,0.004243,-0.037148,0.00896,-0.005618,0.002005,-0.030738,-0.012573,0.020145,-0.014903,-0.028177,-0.004476,-0.002932,-0.004901,-0.029157,-0.025974,0.037083,0.007433,0.008774,-0.00336,0.00833,0.001967,0.015705,-0.01179,0.019754,-0.008439,-0.018375,0.036847,0.030977,-0.008111,0.002416,-0.003708,0.010234,0.015288,-0.002721,0.009712
65541,-0.001182,0.005983,-0.001747,-0.021342,-0.004437,0.002038,-0.001965,0.007669,0.000686,0.003632,0.009149,-0.022461,-0.033532,0.00691,0.010988,0.008547,-0.014926,-0.003399,0.024156,-0.008359,0.014096,-0.008692,0.011865,0.01066,0.002892,-0.018761,0.005878,0.001684,0.00127,-0.017136,0.003522,0.010285,0.003095,0.003669,-0.011102,0.010467,0.003521,-0.005485,-0.002432,-0.015933,-0.005653,0.005194,0.039624,0.013332,0.029328,0.005344,0.024562,0.006282,0.00205,0.004588,0.012435,-0.01085,-0.004498,0.004302,-0.000924,0.022579,-0.012277,0.004367,0.000213,0.003162,-0.004697,0.009561,0.016045
26710,0.015648,-0.010066,0.000208,0.006017,0.002268,-0.000206,-0.005145,0.007034,0.008628,0.003666,-0.002232,0.009965,-0.008457,-0.00853,0.008193,0.00447,0.001011,0.003839,0.010064,0.014946,0.007069,-0.019302,-0.001193,0.011943,-0.000983,-0.012404,0.004984,0.00238,0.016624,-0.02336,0.015946,0.004905,0.013667,-0.002696,0.00309,0.010782,-0.001524,-0.010492,0.006748,-0.016229,-0.001169,0.001561,0.000584,0.017718,0.012818,0.009445,0.004865,0.002607,0.003529,-0.008144,-0.005411,0.001313,0.003185,-0.011207,0.0085,0.004308,0.008206,0.000185,0.00148,0.007387,-0.020532,0.006363,0.016738
23229,-0.009903,-0.001637,-0.000729,-0.005286,0.009896,-0.013972,0.005153,-0.004211,0.009928,0.00091,-0.002001,-0.014944,0.00074,-0.005177,-0.004646,0.011763,0.003875,0.006618,0.002557,-0.004918,0.016841,-0.010261,-0.000318,0.012459,-0.002714,-0.003085,-0.012195,0.002395,0.02261,0.01474,-0.010629,0.0,0.006625,0.004269,0.004605,-0.006523,0.006211,0.011464,-0.001918,-0.018693,-0.012106,0.004686,0.006457,0.015862,-0.007368,0.02439,0.004313,-0.007215,-0.005018,-0.005739,0.013644,0.0,0.013805,-0.006468,-0.004283,0.013249,0.003566,0.000846,-0.002198,-0.001017,-0.024084,-0.000521,0.006955
12448,0.020406,0.011609,0.005207,0.003454,0.001625,-0.004772,-0.015153,0.006524,-0.00774,-0.00741,-0.00167,0.01348,0.002039,0.003973,0.002027,0.023404,0.001882,-0.001411,0.002262,-0.000752,-0.00621,-0.023291,0.008337,0.01442,-0.003412,-0.014835,-0.010039,0.004193,0.003107,-0.043268,0.014468,-0.008377,0.012773,-0.007349,0.002001,0.007788,-0.010105,-0.008407,0.014534,-0.011043,-0.000704,-0.01359,-0.009899,-0.012987,0.030702,-0.001925,0.002436,-0.008203,0.009598,-0.010518,-0.012469,-0.002898,0.000104,-0.011209,0.006823,-0.000104,0.000521,-0.005523,-0.001572,0.005982,-0.001252,0.001358,0.018673
52476,0.008608,0.00594,0.01755,0.006294,0.005442,-0.00412,-0.006084,0.004897,0.011046,0.004659,0.008876,0.000793,-0.006415,0.001913,-0.007001,0.002564,0.002237,-0.007176,0.005943,0.007185,-0.001665,-0.011751,-0.0094,0.007056,-0.002255,-0.021471,-0.010146,-0.008,0.003024,-0.024874,0.019411,0.000253,0.023838,-0.003538,0.001321,0.012368,0.008633,-0.019299,0.005452,0.013802,-0.00859,0.006621,-0.01827,-0.00306,0.030366,0.030679,0.008594,0.008288,0.000307,-0.011981,0.018189,0.01252,-0.004449,0.004241,0.001207,0.008361,0.008292,-0.006742,-0.006788,-0.016371,0.000916,0.010145,0.021219
11896,0.029904,0.003652,0.034025,0.00176,0.006851,0.010991,-0.012079,0.015546,-0.002924,0.022943,-0.004722,0.014741,-0.005343,0.003357,-0.011042,0.008797,0.009391,-0.008639,-0.002346,-0.001512,0.009421,-0.002,0.008517,0.002649,-0.023782,-0.014211,-0.016647,-0.00349,-0.002452,-0.062149,0.012729,0.012754,-0.007118,-0.01489,-0.017914,0.019571,0.006709,-0.002962,-0.009469,-0.025305,0.020192,0.010458,-0.01035,0.013691,0.038267,0.003975,0.004499,0.012719,0.026181,0.000345,-0.014648,0.012592,-0.031952,-0.005531,0.03624,0.008657,0.001373,0.0012,-0.000171,-0.0125,0.023236,0.019319,-0.005486
38093,0.011908,-0.005821,-0.002545,0.003828,-0.004703,-0.004342,0.000257,0.007951,0.013613,0.010669,0.001118,0.003598,-0.007911,0.001993,-0.002984,0.017461,0.005884,0.008896,0.004348,-0.002405,0.008077,-0.015547,0.006924,0.002895,0.005173,-0.015558,0.005227,-0.005684,0.015203,-0.01821,0.006467,0.002789,0.013058,-0.005251,-0.00072,0.006723,0.011211,-0.007548,0.001545,-0.00439,0.001549,0.005236,-0.003314,0.01639,0.003389,0.02201,-0.000228,0.005498,0.000342,-0.004213,0.002973,-0.006727,0.006657,-0.016078,-0.002897,0.008717,0.008181,-0.010971,0.005084,-0.008968,-0.018214,0.015479,0.019199
14889,0.038462,0.007704,0.004117,0.016105,-0.003458,0.002603,-0.020479,0.004417,0.007329,0.020373,-0.017399,0.013062,0.002865,0.010286,0.009615,0.011204,-0.008033,-0.002513,0.006999,0.011676,0.003572,-0.008564,0.010031,0.015172,-0.005707,-0.018858,-0.006407,0.004205,0.006421,-0.042441,0.011298,-0.020052,0.016077,0.0,0.002589,0.012052,-0.011058,-0.024656,0.012346,-0.019745,0.005628,-0.012666,-0.028043,0.015961,0.043505,-0.006659,0.002915,-0.015984,0.01772,0.011027,-0.002583,0.003741,0.00258,-0.016872,0.026469,-0.017569,0.008365,-0.004863,-0.009486,-0.003482,0.001456,0.01105,0.016969
89195,0.035665,-0.005002,0.010441,0.006697,0.011025,0.002444,-0.028507,0.01834,0.01346,0.026375,-0.01057,0.020814,0.004511,-0.008083,-0.003441,0.009449,-0.008281,0.012525,0.028684,0.000871,-0.004701,-0.004899,-0.005978,0.018394,-0.004863,-0.014834,-0.00744,-0.002499,0.010557,-0.03966,0.019174,-0.009045,0.013509,-0.013869,0.002192,0.008201,-0.007231,-0.024217,0.011756,-0.001844,-0.001478,0.00148,-0.03714,0.027923,0.033767,-0.004744,0.011001,0.004171,-0.012281,0.001646,-0.006572,0.018927,0.008296,-0.01878,0.020598,0.003215,0.027595,-0.001559,-0.002082,-0.018779,-0.004785,0.011396,0.019718
77661,0.007975,-0.00024,0.004556,0.021962,0.017286,0.003444,-0.006865,0.012212,0.020942,0.011148,0.001544,0.005945,0.001751,0.014201,-0.016372,0.016207,0.005819,-0.047568,-0.010124,-0.001136,0.008191,0.000903,0.000676,-0.005633,0.0,-0.008611,-0.011886,0.009022,0.001146,-0.006664,0.017349,0.001592,0.020658,-0.009342,-0.026493,0.010148,-0.000913,-0.003199,0.023155,-0.011651,-0.014283,0.01104,-0.027298,0.011927,0.026346,0.004954,0.012099,0.00952,-0.002412,-0.013629,0.003789,0.009325,0.010999,0.0,-0.002611,-0.021597,0.018729,-0.022543,-0.008509,-0.038618,-0.01198,0.02758,-0.002082
13949,0.023348,0.006591,0.012391,0.000597,0.002287,0.011906,-0.000196,0.020398,0.025469,0.002812,0.010654,-0.004254,-0.023124,0.001901,-0.00446,0.011247,0.002639,-0.010622,0.00038,-0.003989,0.006961,0.016667,0.003353,0.012718,-0.000367,-0.020908,-0.010584,-0.002367,0.011007,-0.042328,0.011956,0.008232,0.016521,-0.014079,-9.6e-05,0.019074,-0.002163,-0.032944,0.0087,-0.002035,-9.7e-05,-0.004467,-0.039703,0.009346,0.031401,0.006831,0.01008,0.006141,0.014496,-0.004982,-0.004535,0.007023,-0.017623,-0.000288,-0.000768,0.008547,0.029423,0.00444,-0.009669,-0.000697,0.010655,0.016481,0.005435
16140,-0.011689,0.016605,-0.003159,-0.054182,0.000409,-0.002451,0.004749,0.020538,0.003833,0.000159,0.011693,-0.004953,-0.027497,-0.007719,0.047736,0.010238,0.00557,0.017386,0.020189,0.007931,0.008456,-0.062491,0.026211,-0.00811,0.007106,-0.016844,0.016052,0.011165,0.008638,-0.081099,0.062323,0.033338,0.051089,-0.013205,-0.020144,0.000363,0.000944,-0.035403,0.00707,-0.007095,-0.028432,-0.017342,0.039865,-0.056444,0.030914,0.06527,0.020911,0.032085,-0.0034,-0.020401,0.017059,-0.014187,-0.006309,0.003853,0.011229,0.029588,0.001092,-0.018137,-0.038819,-0.025576,-0.005116,0.023402,-0.007064
14988,0.006104,0.004117,-0.006798,-0.00076,0.013372,0.002146,0.00182,0.00716,0.004032,0.003382,-0.002317,0.0076,0.004715,0.000209,-0.008966,0.009678,0.003959,0.010274,0.009759,0.003154,0.001014,-0.00152,-0.001725,0.016465,-0.005299,0.002312,-0.007221,0.002324,0.007458,-0.027611,0.00463,0.011982,0.016292,0.012247,-0.024395,0.008066,0.0004,-0.007499,0.002116,0.002111,-0.014445,0.006412,-0.007383,-0.005196,0.02202,0.000401,0.012321,0.011478,0.001663,-0.009669,-0.011637,-0.001197,0.004895,0.009245,0.006206,0.008321,0.00767,0.002698,-0.010858,-0.012532,-0.006985,0.017931,0.014307
90601,0.010401,0.0069,0.003258,-0.001344,-0.006616,0.001919,-0.011942,-0.00228,-0.005371,0.008848,0.007631,0.014468,0.005014,-0.002328,-0.002889,-0.000892,-0.005243,0.002915,0.004696,0.017694,0.008201,0.001302,-0.00065,-0.001517,0.006622,-0.019735,0.00099,0.001868,0.014809,-0.017404,0.00297,-0.004497,0.001873,-0.006928,-0.000443,0.011301,-0.010079,-0.003763,0.000111,-0.000666,0.004112,0.003432,-0.00011,0.000772,0.0226,0.036869,-0.003015,0.002816,0.005304,-0.014586,0.001994,0.004819,0.002829,-0.005642,0.007776,0.006256,0.012745,0.005627,-0.014447,0.011665,-0.034592,0.016489,0.0
91983,0.041992,-0.012004,-0.024517,0.006005,0.043997,-0.004659,-0.009149,0.006657,0.00192,0.044922,-0.004075,0.000205,0.010023,0.009518,0.039519,-0.008105,-0.027237,-0.022,-0.022699,0.00544,-0.042872,-0.041096,-0.039002,0.014394,-0.011166,-0.018113,0.018208,-0.011059,-0.002617,-0.019323,0.021649,0.000476,0.009995,-0.023091,0.004583,0.036255,-0.025718,-0.08157,-0.003884,-0.014297,-0.006065,-0.042717,-0.029934,0.000286,0.1491,-0.043251,0.009353,0.001802,-0.002826,-0.010564,-0.044792,0.022356,-0.0208,0.02805,0.048742,-0.008335,0.050433,-0.008487,-0.02519,-0.003512,0.066717,-0.002596,-0.004023
15859,-0.004767,0.002993,-0.000199,-0.006965,0.012024,0.000594,0.00376,0.003549,0.00275,0.008621,0.005633,-0.008306,0.000195,0.004869,0.008527,0.005957,0.005349,-0.025651,-0.00429,-0.007834,0.010857,-0.009178,-0.004336,0.007126,-0.012972,-0.004978,-0.019011,0.00102,0.016915,0.01022,-0.007935,0.002,0.000998,0.0,0.001994,-0.003183,0.006387,0.00357,0.004546,-0.004918,-0.015421,-0.004819,0.010089,0.021774,-0.00782,0.018128,0.010064,-0.002126,-0.008133,-0.009567,0.011039,0.003509,-0.000389,-0.001555,-0.009733,0.00747,0.007219,0.004262,-0.007523,-0.005442,-0.013289,-0.004159,0.004376
15703,0.014465,0.003377,0.009349,-0.00741,-0.002613,-0.02021,-0.001528,-0.017215,-0.015181,0.006719,0.002748,-0.018794,0.002793,-0.000398,0.009952,0.015373,-0.004658,-0.00156,-0.015234,0.00119,0.024564,-0.011601,-0.005869,0.014168,0.012806,-0.024138,-0.001963,-0.010228,0.006757,-0.022503,0.01454,0.012739,0.025157,-0.003451,-0.004232,0.016229,0.012928,-0.028904,-0.003866,0.001164,0.0,0.001938,-0.016634,-0.031471,0.039399,0.028136,0.009122,0.003013,0.010139,-0.008922,0.00075,-0.012744,0.008732,-0.001882,0.000377,0.008292,0.021308,0.000366,-0.012075,-0.003333,-0.002973,0.008945,0.0
40272,0.015685,-0.002141,0.001762,0.008412,0.00273,-0.002042,-0.00576,-0.005336,0.004981,0.018072,0.00367,0.01,-0.002808,0.007706,-0.005515,0.008355,-0.00066,0.001027,0.008356,-0.001163,0.002765,0.000218,0.006022,0.009088,-0.015653,-0.01975,0.001111,0.006363,0.000882,-0.012121,0.011377,-0.003088,0.010104,-0.002117,-0.013756,7.4e-05,0.00816,-0.002649,-0.006124,-0.000965,-0.00156,0.005954,0.00185,0.027322,0.031124,-0.016034,0.052214,0.018853,6.6e-05,0.005419,-0.003615,-0.011148,-0.007471,-0.008267,0.00183,0.007576,0.011883,-0.028662,0.00659,0.006206,-0.017555,-0.00952,0.010587
16595,0.030853,-0.012324,-0.005348,0.010753,0.049645,0.036318,0.00652,-0.026721,-0.009983,0.005882,-0.010025,-0.013502,0.005133,-0.006809,-0.011997,0.039896,-0.060884,-0.041741,0.011121,0.028414,-0.00713,0.005386,0.003571,0.049822,-0.002542,-0.050977,-0.031334,0.014787,-0.044627,-0.036225,0.037587,0.016206,0.071295,0.00613,-0.02611,0.031278,-0.019931,-0.016799,0.039568,0.000865,0.009507,0.026541,-0.00834,-0.016821,0.107784,-0.000772,0.068006,0.003618,-0.00721,-0.016703,0.01551,0.026182,-0.010631,-0.02937,0.096679,-0.012786,0.011588,-0.018868,0.013736,-0.015583,0.012388,-0.008838,-0.019204
87056,0.006754,0.020128,0.007234,0.005332,0.016454,-0.016188,-0.011583,0.010842,-0.037595,0.012383,0.02135,-0.036364,-0.069597,0.009836,0.006614,0.027356,-0.00593,-0.002106,-0.002579,0.007522,-0.002333,-0.015784,-0.00986,0.008998,-0.007491,-0.017611,0.008781,0.007979,-0.011394,-0.025234,0.008712,0.075386,0.028798,-0.010706,-0.023109,0.009347,0.002515,-0.008211,0.024146,-0.051308,-0.018343,0.005184,-0.013672,-0.002067,0.020836,-0.002268,-0.037086,0.001864,0.005828,-0.000247,0.015045,0.000607,-0.018456,0.041193,0.01592,-0.00573,0.015761,0.017948,-0.022864,-0.024214,-0.010379,0.01302,0.019279
11891,0.036243,0.006769,0.008592,0.005556,0.010681,0.004373,-0.039187,0.006042,0.011261,0.015219,-0.002559,0.005865,0.004373,-0.001451,-0.011628,0.011397,0.010178,-0.001439,0.02018,0.010244,-0.068881,-0.029666,-0.006579,0.012466,-0.018853,-0.024706,0.032167,-0.004675,0.003131,-0.010535,0.022476,0.006556,0.016475,-0.024124,-0.020857,0.016963,0.001552,-0.017428,0.006701,-0.008614,0.00158,-0.000789,-0.020521,-0.038276,0.074152,0.012481,0.020416,-0.00302,0.043379,0.020058,-0.009653,0.000722,-0.002164,-0.003977,0.024319,-0.017009,0.009733,-0.011068,0.007942,-0.010745,0.009051,0.020452,0.004571
44329,0.000331,0.001555,-0.001321,-0.00043,0.000265,0.00354,3.3e-05,0.004912,0.001279,-0.00036,-0.007833,-0.028771,-0.055369,-0.00252,-0.00906,0.020434,-0.004533,0.008713,0.002595,-0.005177,0.019959,-0.019463,0.062079,0.007818,-0.004528,-0.015619,0.006829,0.016873,0.004945,-0.028927,0.012854,-0.00642,0.019993,-0.018275,-0.014426,0.012512,0.008024,-0.019547,0.012606,-0.020229,-0.003246,0.007655,-0.008938,0.004752,0.010943,0.018167,0.012074,0.011665,0.018573,-0.004438,0.020092,0.016498,-0.002368,0.016519,0.018647,0.006182,0.003567,-0.000328,-0.005766,0.010006,-0.027341,0.002478,0.010374
88863,0.041907,0.017839,0.007947,-0.026893,0.013652,0.0173,-0.013992,0.038642,-0.015029,0.012591,0.001054,0.002211,-0.035711,0.004357,-0.016701,0.036065,0.012668,0.002733,0.024112,0.004709,0.005502,-0.014895,0.045567,0.030202,-9.6e-05,-0.018432,-0.012259,0.007092,-0.09644,-0.031067,0.027818,0.036631,0.024851,-0.015858,-0.001559,0.009475,-0.021042,-0.009588,0.030638,0.011561,-0.002857,0.039194,0.020483,-0.025861,0.016444,0.026606,-0.012151,0.038343,0.020916,-0.000997,0.018875,0.001425,-0.023657,0.019403,0.033866,0.002506,-0.004742,0.001906,-0.016341,-0.020392,0.012023,0.020126,0.0259
35044,0.036749,0.011588,0.002022,0.015467,0.002649,0.006605,-0.015748,0.008,0.005952,0.025641,-0.021795,0.019659,0.012854,-0.03236,-0.000656,0.00853,0.000651,0.005852,0.005171,0.00836,-0.009566,-0.023181,0.017139,0.009721,-0.012195,-0.018194,-0.010589,-0.001338,0.008038,-0.047176,0.013947,-0.015131,0.013967,-0.008265,0.004861,0.00622,-0.010302,-0.023595,0.008529,-0.017618,0.015065,-0.00636,-0.016359,0.010846,0.025036,-0.011165,0.000706,-0.011396,0.007925,0.03431,-0.015895,0.017556,0.006901,-0.017135,0.03696,-0.020175,0.002059,0.002055,-0.008202,-0.00827,0.00278,0.010395,0.024691
46674,0.009551,-0.005393,0.000978,0.008703,0.013735,-0.00634,-0.011712,-0.002653,-0.001685,0.002043,-0.000621,0.003016,-0.004422,-0.063333,-0.01707,0.015244,-0.006557,-0.009279,9.7e-05,-0.009848,-0.000195,-0.020382,0.015431,0.001177,-0.007442,-0.022396,-0.005752,0.0,0.001117,-0.016222,-0.002783,-0.003514,0.01172,0.005536,0.002243,0.015258,0.002104,-0.017796,0.003563,-0.013997,0.006069,0.011247,0.0,0.003236,0.016731,0.00337,0.001902,0.016294,-0.003128,0.00912,-0.00447,0.004002,0.000778,-0.005246,0.005176,-0.001263,0.009729,0.001831,-0.000289,-0.00558,-0.013737,0.00873,0.007196
10933,-0.012096,-0.005538,0.001287,0.003408,-0.00059,-0.00233,-0.000408,-0.000418,0.006247,0.015592,0.001598,0.01089,-0.001312,0.00245,0.0007,0.011482,0.000292,0.001898,0.001098,0.025782,0.013593,-0.009781,0.001235,-0.000744,0.003938,-0.012442,-0.008114,-7.7e-05,0.006888,-0.01587,0.000396,0.011983,0.012472,0.000717,-0.003157,0.016121,0.010896,-0.020076,-0.004734,-0.009211,0.01446,-0.008996,0.003297,0.013354,0.007773,0.007999,-0.00756,0.007617,-0.009752,0.001455,-0.001943,0.002299,0.005919,-0.009166,0.006662,0.001779,0.008299,-0.014253,-0.002324,-0.000798,-0.011988,0.006748,0.017215
13035,0.019231,-0.006455,-0.004373,0.00389,0.00425,0.012323,-0.02164,-0.002513,0.019277,0.018171,-0.00607,0.006962,0.004003,0.001933,0.006753,-0.005031,0.0,-0.010714,0.011317,0.008543,-0.005011,-0.001319,-0.045023,0.034574,-0.026856,-0.011364,-0.000505,-0.000632,-0.011381,-0.017652,-0.016797,0.012449,-0.002485,-0.013638,-0.009572,0.017047,-0.004487,-0.01803,-0.00189,0.004193,-0.000404,0.002163,0.001214,0.02021,0.022187,0.019121,0.003423,0.00518,0.010307,-0.004728,0.002625,0.010971,-0.000123,-0.00666,0.008071,0.004188,0.02171,-0.018487,0.004158,-0.006577,-0.002943,0.00664,0.021744
81655,-0.00815,-0.01079,-0.006125,0.000507,0.003966,0.002942,-0.012989,-0.000171,-0.005641,0.001289,-0.005579,-0.00095,-0.011405,0.021412,-0.000428,0.001541,0.007949,0.010345,0.02073,-0.010607,-0.022688,-0.017602,0.019735,-0.001103,0.008498,0.006572,-0.004939,0.012451,0.011633,-0.012895,0.007073,-0.000578,-0.016617,0.00765,0.025446,0.015214,-0.014025,-0.018451,-0.005217,-0.016649,-0.018624,0.014837,-0.011305,0.001118,0.013482,-8.5e-05,0.022625,0.005303,-0.019288,0.00042,-0.01025,0.009252,0.00656,-0.011447,-0.003212,-0.004409,0.010732,0.021573,0.006269,0.009427,-0.025418,0.012749,0.001563
82651,0.005045,-0.009289,-0.000359,-0.008701,0.015985,0.00325,-0.014774,0.005092,0.000279,0.000518,-0.007733,-0.03306,-0.010885,0.006258,0.006094,-0.123133,-0.018074,0.028139,0.003983,-0.009849,0.006694,-0.009319,0.021413,0.009256,-0.001834,-0.020535,0.001688,0.01503,0.00083,-0.035629,0.009224,-0.015912,0.011165,-0.009138,0.00024,-0.010084,0.005287,-0.010568,0.005852,-0.007418,-0.016901,0.000248,-0.00298,-0.00563,0.011424,0.022739,0.002809,0.008405,0.008191,-0.012305,-0.01698,-0.001713,-0.00397,0.006398,0.017311,0.011296,0.006844,0.004626,-0.001974,-0.00532,-0.000994,0.011467,0.008292
52695,0.034327,3.2e-05,0.000996,0.006612,0.009119,-0.004866,-0.030734,-0.006912,0.019197,-0.013366,-0.00023,0.00397,0.007582,-0.000454,-0.055065,0.006799,0.003991,0.002174,-0.010475,-0.024186,-0.010005,-0.025319,0.01488,0.01649,-0.014953,-0.010204,0.000398,-0.011317,-0.015762,-0.028765,0.007962,-0.00103,0.007907,0.012279,0.013553,0.005947,-0.048618,0.007063,-0.009045,0.003249,0.009136,0.010773,-0.01096,0.004471,0.025223,-0.001224,-0.012298,0.019823,0.014975,-0.002762,0.002296,0.017124,-0.026451,0.000294,-0.002092,0.008497,0.009556,-0.010043,-0.010912,-0.012803,-0.004335,-0.001013,0.007891
91849,0.012537,0.00181,0.023008,-0.002416,0.017049,0.000458,9.2e-05,0.002472,0.007306,0.010789,0.008611,0.007114,0.006623,-0.010614,0.00532,0.014816,0.016338,0.000941,0.007432,-0.001357,0.003057,-0.009058,-0.000513,0.006581,0.002208,-0.023723,0.004773,0.011142,0.018194,-0.01594,0.01202,0.016342,0.014753,-0.006453,0.004275,0.014162,-0.005812,-0.001867,0.007809,-0.000646,-0.000242,0.006705,0.002006,-0.014015,0.025829,0.011956,0.00399,0.021041,0.008548,-0.008249,0.003129,0.001331,-0.007625,-0.003458,0.002621,0.003999,-7.7e-05,-0.014018,-0.002175,-0.002959,-0.0057,0.010759,-0.007925
82598,0.014999,0.005399,0.023318,-0.007181,0.009232,0.011365,-0.002604,0.020198,0.0167,0.001855,0.007008,0.016675,0.0031,0.000258,-0.012743,-0.000782,-0.040971,0.000136,-0.021902,0.013769,-0.000549,-0.014688,-0.001393,0.006696,-0.019817,-0.02248,-0.003182,-0.005514,0.00321,-0.040431,0.020309,0.006982,0.028028,-0.00861,-0.013895,0.027301,-0.041292,-0.081073,0.005352,-0.02081,-0.006425,0.002321,-0.020678,-0.004899,0.038024,-0.000327,-0.000654,0.003438,0.01664,-0.003209,-0.009659,0.010403,-0.018983,-0.013775,0.021783,0.004394,0.015392,-0.019308,-0.003417,-0.004735,-0.005413,0.006103,0.011475
40125,0.020681,-0.02209,0.017137,-0.00873,0.011279,-0.012376,-0.016089,0.012579,0.00264,0.021837,-0.003486,0.00365,-0.011972,-0.009509,0.000465,0.019347,-0.014273,-0.008934,0.010258,0.007692,0.003664,0.001521,-0.0202,-0.023252,-0.008411,-0.025768,-0.009364,-0.014262,-0.006898,-0.051669,0.018221,0.006842,0.004705,-0.023066,-0.029647,0.010611,-0.017017,-0.042726,0.021162,-0.031462,-0.033262,-0.006439,-0.037262,-0.018932,0.041595,-0.010957,0.010661,0.017167,0.022164,0.009151,-0.010842,0.02511,0.005443,0.00348,0.026782,-0.003378,0.024478,0.000551,-0.009184,0.001298,-0.007221,0.003357,0.025093
24053,-0.01068,0.001219,-0.00313,-0.013084,0.013258,-0.003664,0.002977,-0.002095,0.004374,0.0054,0.001213,-0.012459,-0.004556,-0.004225,-0.002828,0.002482,0.009372,0.001927,-0.000525,-0.003324,0.01492,-0.006745,0.001915,0.001043,0.001215,-0.00104,-0.008679,-0.002977,0.020724,0.004646,-0.006337,0.003275,0.002749,0.005654,-0.000341,0.001363,0.003914,0.007628,-0.000505,-0.010604,-0.005869,0.0,0.003106,0.015136,-0.006439,0.02251,0.009173,-0.000496,-0.010582,-0.009191,0.018384,-0.003478,0.00831,-0.006758,0.001825,0.008779,0.006732,-0.001142,-0.00098,0.002615,-0.027551,0.007041,0.001332
93312,0.010677,0.005748,-0.005252,-0.018168,0.006484,0.001257,0.002354,0.016753,0.011241,-0.005786,0.000766,-0.004132,-0.016905,0.003752,0.012615,0.020917,-0.005725,-0.005,0.015837,0.004797,0.009399,-0.115578,0.008523,-0.005799,0.008333,-0.026116,-0.000339,-0.010187,0.009606,-0.038226,0.027204,0.00963,0.012604,-0.011438,-0.018207,0.000347,-0.00052,-0.021668,0.006733,0.002992,-0.0093,0.004428,-0.016928,-0.024618,0.041083,0.016811,0.003655,0.012658,0.005479,-0.021798,0.002786,-0.003993,-0.01377,0.00919,0.016988,0.01171,-0.001872,0.003922,-0.001869,-0.026549,-0.013811,0.004786,0.016408
25953,0.023028,-0.000938,0.00146,0.009062,-0.003509,0.00145,-0.018618,0.003162,0.006619,0.013777,-0.0035,0.007232,-0.007078,0.010124,-0.014625,0.01287,-0.003381,-0.010693,0.008418,0.00742,0.002967,-0.007242,0.005651,0.015223,-0.014592,-0.006944,-0.004114,-0.006196,0.005923,-0.024068,0.017041,0.001353,0.002182,-0.020533,-0.001059,0.008903,-0.022586,-0.021174,-0.001867,-0.010011,0.004112,0.00498,-0.010185,0.020579,0.031452,0.013812,-0.007441,0.014149,0.005622,-0.002278,0.001764,0.002486,-0.007336,-0.00687,0.009957,0.006019,0.01145,-0.008465,0.007509,0.006738,-0.002637,0.001932,0.016846
21020,0.018577,0.019784,0.021825,0.006526,0.003831,-0.005285,-0.016824,0.021315,0.023222,-0.003447,-0.027097,0.008296,0.010285,-0.000291,-0.025895,0.014636,0.000589,-0.017064,-0.010476,0.021476,0.012141,-0.007899,0.00118,0.024742,-0.00115,-0.021295,-0.004718,0.005926,0.001178,-0.054428,0.006223,-0.005566,0.004975,-0.017946,-0.024575,0.010982,-0.044089,-0.014037,-0.011186,-0.015084,-0.011138,-0.008448,-0.033369,-0.001102,0.070588,0.042582,0.000659,0.017775,-0.005175,-0.005852,0.017005,0.063987,-0.01239,-0.003672,-0.001229,0.021218,-0.031918,-0.018041,0.007919,-0.017599,0.006398,0.021933,0.014308
79698,0.021756,-0.012131,0.000914,0.002088,0.009964,0.009478,0.000256,0.004342,0.007375,0.005933,0.003451,-0.007316,-0.013794,0.004024,0.005725,0.008729,6.3e-05,-0.009092,0.005315,-0.007049,0.00767,-0.015663,0.009458,0.012788,0.009439,-0.039012,-0.009601,-0.004749,0.005818,-0.025088,0.0096,0.007462,0.01573,-0.009357,-0.00697,0.010561,0.006166,-0.014773,0.008512,-0.010258,-0.005773,0.006994,-0.008649,-0.009584,0.009943,0.020682,-0.001683,0.021205,0.009779,-0.012011,0.001082,0.008393,-0.000126,0.002838,0.002515,0.006021,0.000187,0.006545,0.002291,-0.005252,-0.017703,0.005249,0.012392
21792,0.0,0.002606,-0.002599,-0.005537,0.011137,-0.013282,-0.004596,-0.003958,0.00298,0.009244,-0.00229,-0.011475,-0.004643,0.00933,0.006273,0.004593,-0.010777,0.007263,-0.001311,-0.000656,0.018062,-0.007097,-0.000975,0.013008,-0.00321,-0.007729,-0.011685,-0.039409,0.014017,0.016858,-0.012599,-0.002435,0.006118,0.005743,-0.004367,-0.004049,0.001016,-0.004399,-0.00102,-0.019394,-0.012838,-0.006327,0.006013,0.007736,0.005583,0.007634,0.003788,-0.011321,0.00347,-0.009682,0.011872,0.009662,0.012304,-0.000675,-0.002027,0.014895,0.002001,-0.003995,-0.00234,-0.01139,-0.029143,-0.004887,0.004209
80204,0.014017,0.00701,-0.013484,0.005724,0.009813,0.0,-0.004081,-0.000683,0.01157,0.023889,-0.002404,0.001701,-0.01132,0.009351,0.002741,-0.000141,0.009051,-0.007896,0.009089,-0.00028,0.035851,-0.012348,0.017248,-0.006728,-0.002845,-0.002581,-0.018616,0.003701,-0.004932,-0.015658,0.015012,0.007558,0.010584,-0.009471,0.000828,0.011988,-0.022286,-0.012441,-0.002867,-0.016783,0.008727,0.010362,-0.007433,0.027316,0.034266,0.009792,0.015674,0.005406,-0.004813,-0.037382,-0.006427,0.013894,0.006335,0.002009,-0.013724,0.00393,0.008055,0.004107,4.5e-05,-0.001289,-0.002181,0.01142,0.014952
89508,-0.010459,0.010424,0.020203,0.0125,-0.000694,0.009162,0.008391,0.013641,-0.005517,0.009202,0.006034,0.012129,0.019489,-0.005425,-0.016883,0.021665,-0.000646,-0.012421,0.021486,-0.008337,0.006984,0.006293,-0.001404,0.004857,-0.003943,-0.008045,0.000386,0.010552,0.006876,-0.029215,0.005472,-0.016585,0.000527,0.005926,0.006153,0.014572,-0.001026,-0.014377,-0.003907,-0.003138,0.011674,0.012447,0.002433,0.014435,0.01083,-0.002865,-0.001124,-0.00075,0.030918,-0.013842,0.010096,0.001341,0.01692,0.00395,-0.002385,-0.002151,-0.005869,0.031807,-0.03503,0.008834,0.009236,0.032327,-0.000345
42906,0.036278,0.003044,0.002276,0.008327,-0.000751,0.006762,-0.017164,0.009871,0.003759,0.025468,-0.016801,0.014859,0.012445,-0.015908,0.002204,0.010997,-0.003626,-0.004367,0.004386,0.013828,-0.000718,-0.010776,0.012346,0.01076,-0.009226,-0.022206,-0.008059,0.002954,0.005891,-0.043924,0.015314,-0.02187,0.01542,0.003797,0.007564,0.00976,-0.008922,-0.020255,0.011485,-0.009841,0.002294,-0.012967,-0.022411,0.014229,0.042089,0.002992,-0.002983,-0.008227,0.012821,0.008191,-0.009601,0.001491,0.005212,-0.017216,0.018279,-0.011219,0.003026,0.005279,0.004501,0.001494,0.002983,0.01487,0.012454
90272,0.014421,0.000694,0.008546,0.007097,0.018301,0.009145,0.002659,-0.008549,-0.0233,-0.025802,-0.001665,-0.039424,-0.048216,0.022452,0.005747,0.015134,0.01254,-0.007822,0.023573,-0.008419,-0.016334,-0.008825,0.014059,0.007047,-0.006386,-0.008736,0.019724,0.013897,0.027526,-0.005007,0.013774,-0.011413,0.005754,0.00102,0.008409,0.00953,-0.005793,-0.012733,0.003789,-0.013828,0.003018,0.014713,-0.001302,0.004707,0.031857,0.004645,-0.003581,0.005931,0.008948,-0.0077,-0.00724,0.001501,0.000314,0.020237,0.009559,0.002198,-0.003712,0.013649,-0.012262,-0.018267,-0.01902,0.004812,-0.003496
21371,0.020145,-0.039902,-0.001696,-0.004461,0.013228,0.001263,-0.004416,-0.00845,-0.01193,0.00884,0.006198,-0.007009,-0.04,0.024955,-0.016087,0.018118,0.010851,0.005796,0.014088,-0.001473,0.026771,-0.022788,0.02395,0.016824,-0.002421,-0.010113,0.015734,0.00865,-0.025728,-0.056909,0.000651,0.001735,-0.020572,-0.004422,0.021097,0.020009,-0.001279,-0.019855,0.000871,-0.010229,-0.039578,-0.01717,-0.020033,0.020204,0.023998,-0.01479,-0.011778,0.024772,0.003421,0.014545,-0.009409,0.023745,-0.02452,0.006793,0.001799,0.011226,-0.005995,-0.001564,0.006935,0.016441,-0.002623,0.021477,0.020835
66384,0.026009,0.021699,0.032354,-0.011729,0.012451,-0.008647,-0.028688,0.011575,0.002762,0.019673,0.000579,0.046857,0.002947,0.017264,-0.021304,0.004427,-0.009366,-0.018354,-0.038338,-0.008837,0.012879,-0.00626,-0.020473,0.0209,-0.024409,-0.047417,-0.010803,-0.005996,-0.012064,-0.062582,0.038148,0.01927,-0.008793,-0.010202,-0.060049,0.035757,-0.028999,-0.016592,-0.012292,-0.034163,0.002021,-0.005043,-0.056766,-0.003761,0.055556,-0.031681,0.002375,-0.027639,0.028154,0.011322,-0.056496,0.030353,-0.027049,-0.001652,0.050731,0.019155,0.020597,0.010091,0.024725,0.001706,0.072993,0.021542,0.06734
91041,0.014794,0.004497,0.000772,-0.026689,-0.002536,0.010329,-0.002359,0.018446,-0.009598,0.007502,0.007447,-0.000154,-0.006161,0.012707,0.002295,0.014046,-0.004968,-0.004085,0.009723,-0.007373,-0.00955,-0.024793,0.000628,0.009097,0.005284,-0.013142,0.013787,-0.000927,0.010982,-0.035955,0.018092,0.00265,0.000933,-0.01165,-0.010373,0.014769,-0.016119,-0.006044,0.012642,-0.013116,-0.004964,-0.008368,-0.012983,-0.012332,0.024638,0.006499,0.000968,0.002903,-0.007075,0.023158,0.003324,0.013567,-0.004047,0.01719,0.018743,0.002564,0.011131,-0.007885,-0.001649,-0.001652,-0.006319,0.013323,-0.01016
52708,-0.003667,-0.001022,0.019443,0.017667,0.019531,-0.007353,-0.020858,0.012144,0.009048,-0.006433,0.003335,0.005084,0.009922,0.019264,-0.015498,0.007871,0.003241,-0.020331,0.009116,0.002499,-0.002492,0.000384,0.005956,-0.002483,-0.007276,-0.001929,-0.011981,0.012713,0.001545,-0.00752,0.024869,0.003223,0.013983,-0.009877,-0.024845,0.009265,-0.010136,-0.013138,0.016249,-0.011558,-0.014812,-0.004748,-0.01292,0.014901,0.019841,0.014202,0.010551,0.012908,-0.01087,-0.009663,-0.003444,0.019006,0.008855,-0.010084,-0.009809,-0.007621,0.012286,-0.026171,0.001168,-0.06205,-0.013895,0.018507,0.000619
15478,0.019749,-0.002201,0.011763,-0.009737,-0.000293,0.000881,-0.005573,0.008554,0.001024,0.024251,0.002853,0.009103,0.000846,0.000422,-0.004786,-0.027723,-0.005964,0.002634,0.012991,0.009222,-0.005568,-0.026418,0.003097,-0.000294,-0.010294,-0.019465,0.001667,-0.001513,0.000455,-0.03559,0.007852,0.000623,0.014793,-0.007365,-0.002164,0.032688,-0.008176,-0.003786,-0.006384,0.010861,-0.009837,0.00321,-0.001523,-0.017699,0.015844,0.03792,0.013995,0.010896,0.013941,-0.006804,0.009705,0.005654,-0.003233,0.002256,0.012662,0.012226,-0.008372,-0.010242,0.0,-0.006852,0.000845,0.014631,0.019273
11990,0.027246,-0.036469,0.014624,0.002543,0.006342,-0.006303,-0.031713,0.007424,-0.004335,0.016108,0.000428,0.021842,-0.016345,0.012356,-0.01431,0.015372,0.002103,0.01175,0.018664,0.010179,-0.01451,0.007771,-0.017046,0.01858,-0.020673,-0.010348,-0.006274,0.006734,0.014841,-0.035611,0.03435,0.004981,0.018587,0.000406,-0.006891,0.019184,-0.002803,-0.034538,-0.00208,-0.018341,-0.014862,0.007759,-0.047049,0.019749,0.037412,0.00594,0.003374,0.007146,0.0,0.003339,0.002496,0.008714,-0.02139,-0.011349,-0.005952,0.038922,0.014409,-0.002029,-0.020334,-0.005396,0.02379,0.015084,0.01486
84373,0.002447,0.008653,-0.00385,0.004969,0.003076,-0.003195,-0.005858,0.004669,-0.007193,0.001783,0.01235,-0.020881,-0.038051,0.000583,-0.006647,0.092745,0.018049,-0.005488,0.011672,0.00902,0.001871,-0.001453,0.01995,0.006418,-0.001316,-0.010035,0.002969,0.007962,0.004355,-0.021075,-0.003399,0.006512,-0.010166,0.008715,-0.001543,0.007107,-0.001534,0.000205,0.004097,-0.009588,-0.002987,-0.008367,-0.000937,0.002607,0.010919,0.005555,0.01023,0.005975,0.003322,-0.007525,0.005863,0.013668,0.001685,0.009007,-0.013439,0.013424,-0.015502,0.009368,-0.003752,0.001288,-0.012966,0.008123,0.012733
90664,-0.032998,0.015716,0.006069,-0.004503,-0.002049,-0.016849,0.002349,0.031765,0.003533,-0.011903,0.009247,-0.010171,-0.054178,0.026127,0.020299,0.012177,0.006693,-0.005891,0.051219,0.002094,-0.027003,-0.020236,0.014753,0.021434,-0.006019,-0.021275,-0.011538,-0.008627,0.01348,-0.021382,0.034409,0.010312,-0.017121,-0.011473,0.003643,0.001013,0.001349,-0.036126,0.039402,0.014626,-0.01748,0.010961,0.011676,-0.002803,0.031333,-0.010341,-0.022396,0.043788,0.098905,0.00065,0.048654,0.007228,0.011755,0.015536,0.014634,0.008129,0.012225,-0.031222,-0.020822,-0.028037,-0.013866,0.030382,0.027498
90520,0.026569,0.005729,0.013653,0.016473,0.008198,-0.029784,-0.009648,0.00187,0.002848,0.031342,-0.012441,0.013271,0.000664,-0.002371,-0.006845,0.073705,-0.011411,-0.019749,0.004416,-0.006724,0.000556,-0.019094,0.003591,0.024103,-0.008734,-0.017807,-0.001416,-0.020331,-0.002317,-0.040731,0.013011,0.007567,0.006028,-0.00167,-0.020661,0.007736,-0.001994,-0.014884,0.007706,0.002516,-0.000301,-0.010141,-0.037123,0.020752,0.039835,0.001985,-0.005646,0.007272,0.014636,0.009844,0.005598,0.01027,-0.010165,-0.012477,0.017786,-0.001241,0.004972,0.005518,-0.004163,-0.007791,0.01331,0.003024,0.01564
81677,0.012887,0.001205,0.002943,0.014671,0.002103,-0.010756,-0.019491,0.005544,0.007934,0.024416,-0.014717,0.017449,0.001169,0.01129,-0.01835,0.003137,-0.002085,-0.066858,0.024769,0.008057,0.003387,0.014041,-0.001731,0.001867,-0.011582,-0.017913,-0.009051,-0.008303,0.020967,-0.034912,-0.013477,-0.016537,-0.000877,-0.035563,-0.023065,0.004349,0.010516,-0.030303,0.033144,0.007944,-0.024856,-0.009792,-0.020876,0.015069,0.041693,0.021225,-0.002227,0.002381,0.009648,0.006322,-0.003652,0.01217,-0.014921,0.000735,0.026451,0.014603,0.020037,0.006502,-0.063771,0.005285,0.002044,0.006558,0.038946
75607,0.008699,-0.001725,0.007775,-0.01243,-0.00217,0.054372,-0.014852,-0.005863,0.00674,0.00251,0.018781,-0.004506,0.006996,-0.002861,-0.005738,0.001237,-0.001647,-0.004948,0.004559,0.003713,-0.004932,-0.01487,-0.020964,0.008565,-0.015287,-0.03536,-0.004917,-0.004043,-0.125395,-0.012893,0.017241,0.001027,0.011288,0.006596,0.010585,0.02394,-0.01169,-0.015771,-0.006009,-0.019647,-0.023124,-0.006839,-0.007945,-0.040043,0.0495,0.011129,-0.006813,0.014512,0.003133,-0.01874,0.018037,0.020323,-0.011236,0.020661,0.010628,0.009014,0.020347,0.013619,0.006718,-0.00858,0.002885,0.011026,0.031769
89533,0.083976,0.043993,0.019255,0.014822,0.009093,0.027742,-0.038592,0.012495,0.000142,0.019572,-0.013632,0.020448,-0.009397,-0.006417,-0.01713,0.020714,0.010497,0.018006,0.015646,-0.00355,-0.029038,0.0117,-0.003969,0.012366,-0.040717,-0.04004,0.001916,0.002721,-0.047238,-0.061745,0.011898,0.01565,0.016447,-0.046265,-0.010213,0.014062,-0.00786,-0.050534,0.002986,-0.000788,0.002454,-0.025876,-0.036794,-0.035032,0.089794,-0.021352,-0.004345,0.009456,0.050892,0.012685,-0.028862,0.021527,-0.013651,0.000605,0.054634,0.002623,0.001063,-0.007758,0.00428,-0.025078,0.019334,0.022184,0.000323
52978,0.007763,-0.006536,0.001645,0.009031,0.006161,-0.000347,-0.015948,0.005285,0.002921,0.020035,0.003883,0.020134,0.005575,-0.015525,-0.007547,0.142322,0.025137,-0.016476,0.010938,-0.00848,0.008061,0.002258,0.014301,0.011589,-0.010119,-0.02411,-0.003755,-0.003472,0.00229,-0.046877,0.008336,0.00651,0.009035,-0.011498,-0.010396,0.009049,0.021235,-0.011507,0.003982,-0.004679,-0.007357,0.009059,-0.029382,0.020286,0.061502,0.004367,0.009373,0.013977,-0.001699,-0.000567,0.010125,0.007213,-0.000558,-0.008096,0.012103,-0.005098,0.005311,-0.005839,-0.008204,-0.011937,0.002759,0.004838,-0.002266
14579,0.00608,0.002312,-0.00215,-0.034785,-0.001143,0.004197,0.000488,0.017631,0.005278,0.000954,0.007417,-0.006679,-0.010324,0.010752,0.006563,0.023293,-0.010379,0.020457,0.017961,-0.010147,0.022672,-0.005283,5e-05,0.026902,0.002755,-0.0268,0.014116,0.015336,0.002405,-0.053458,0.03057,0.00546,0.037477,-0.006131,-0.016418,0.030199,-0.002248,-0.029568,0.007061,-0.000192,-0.010279,0.014996,0.014153,-0.06959,0.059187,0.037078,0.011256,0.01478,-0.002427,-0.036411,0.000795,0.022243,-0.020205,0.024167,0.013211,0.015601,0.018859,-0.008255,-0.010953,-0.03278,-0.007007,0.035698,0.009619
45911,0.016731,0.003577,0.014259,0.001757,0.015086,0.009793,-0.006617,0.011255,0.002158,0.027652,-0.004411,0.036331,-0.025438,-0.012941,-0.019222,0.010989,0.007396,-0.015239,-0.017056,-0.002528,0.015899,0.003402,0.026108,-0.035136,-0.012329,-0.034327,0.006104,-0.004996,-0.012913,-0.071827,0.019314,0.008194,-0.060445,-0.048385,-0.028689,0.025437,-0.017207,-0.001167,0.01563,-0.021861,0.007793,-0.003939,-0.024022,0.004352,0.037059,-0.020749,0.02163,0.01037,0.042053,0.011902,-0.01771,0.009496,-0.021132,0.008914,0.045279,-0.002509,0.004104,-0.008175,0.009173,-0.020946,0.020452,0.014636,0.004159
93132,0.014886,0.004811,0.021721,-0.045605,0.007305,0.023422,0.014289,0.026458,0.000669,0.033787,0.027074,-0.012287,-0.017863,-0.013966,0.00538,0.004587,0.002935,0.006937,0.001292,0.000108,0.004192,-0.016378,-0.004135,-0.060649,-0.011052,-0.037996,-0.00159,0.00196,0.013324,-0.041134,0.021512,-0.001847,0.02702,-0.007448,-0.015372,0.014874,-0.007267,-0.054539,0.003226,-0.006432,-0.018384,0.003034,-0.046943,-0.039045,0.040488,0.009383,0.006015,0.003125,0.01165,0.017408,0.013293,-0.004936,-0.011748,-0.015586,0.005635,0.026818,-0.00026,-0.010528,-0.003809,-0.01279,0.005075,0.019934,0.001042
42585,-0.006609,0.002765,-0.006118,0.003035,0.007347,0.012356,0.012714,-0.003432,0.003275,-0.009376,0.007098,-0.002098,0.002775,0.012074,0.004308,0.004125,0.005258,-0.009317,0.012952,-0.005945,0.00467,-0.000897,0.003346,0.004962,0.013032,-0.000479,-0.003757,0.010753,0.007463,-0.001103,0.000158,0.005679,-0.007137,0.009225,0.003861,-0.005495,0.004657,-0.0011,-0.003539,-0.023759,-0.022073,0.001819,0.003219,0.02254,0.002413,0.005297,-0.023072,0.017651,-0.015177,0.003832,0.006092,-0.002826,-0.001619,-0.00738,-0.014706,0.002239,0.001903,0.003468,-0.001728,-0.0061,-0.037903,0.007672,-0.014544
87299,0.017989,-0.003699,0.0099,-0.000817,0.009266,0.0054,-0.002014,0.010361,0.004528,0.021477,-0.005191,-0.000522,-0.007571,-0.009075,0.017919,0.012648,0.006181,0.006015,0.00318,0.006214,0.008948,0.012241,-0.009502,-0.00299,-0.01337,-0.020897,-0.004398,-0.010654,0.006303,-0.028448,0.017059,0.011886,0.016967,-0.004748,-0.008382,0.013004,0.015918,-0.017437,0.001672,-0.00077,-0.005525,-0.007623,-0.018878,-0.022558,0.030681,0.028056,0.001666,0.015861,0.001637,-0.00176,-0.000756,-0.002016,-0.007198,-0.025948,0.021677,0.017127,0.00377,-0.01665,0.002419,-0.011811,0.010282,0.010304,0.009066
11600,0.005041,0.00622,0.003988,-0.001787,0.002786,-0.001389,0.001788,0.003768,-0.002371,0.014854,-0.000195,-0.016592,-0.032156,0.019893,-0.008647,0.009331,0.012862,-0.004365,0.014348,-0.00609,0.010674,-0.016038,0.023653,0.068932,-0.005813,0.001827,0.002189,0.000728,0.000364,-0.002545,0.0,0.001823,-0.001455,-0.00838,0.0,0.009002,-0.005462,-0.016111,0.000186,-0.001674,0.001118,-0.004095,0.006916,-0.000186,0.010026,0.018015,0.004514,0.005572,0.020737,0.002977,-0.006461,0.00123,-0.003511,-0.001938,0.003177,0.01601,-0.005541,0.025248,-0.02055,0.003815,-0.004837,0.001866,0.012667
49015,0.054685,-0.012761,0.015707,0.009343,0.01181,0.001262,-0.019534,0.017456,0.015091,0.015806,-0.006316,0.024961,0.000756,0.000453,-0.007101,0.006391,-0.009525,-0.005801,0.013972,0.01166,-0.001347,-0.010042,0.004693,0.011905,-0.005361,-0.021111,-0.004283,-0.001536,0.005385,-0.050038,0.033183,-0.005613,0.01662,-0.012955,0.000625,0.014678,-0.010465,-0.030793,0.018774,-0.024571,-0.001776,-0.001294,-0.037091,0.022372,0.044258,-0.007563,0.010637,-0.013981,0.015453,0.006119,-0.0184,0.007625,0.000788,-0.016383,0.015375,-0.010726,0.019292,-0.015642,-0.000477,-0.01415,0.013224,0.002865,0.022854
75591,0.026624,-0.006162,0.004715,0.005079,-0.000512,0.00736,-0.018296,0.005501,0.013708,-0.001524,-0.00674,-0.002753,-0.008281,0.000194,-0.005954,0.016862,0.003329,-0.021632,0.021328,0.004534,-0.004069,-0.014107,0.005827,0.006952,-0.002749,-0.014615,-0.001431,-0.003844,0.010333,-0.025374,0.003719,0.015417,0.003258,-0.018572,0.002789,0.014567,-0.009202,-0.007114,0.014462,-0.009351,0.001056,0.004682,0.002297,0.005239,0.026122,0.003746,0.001075,0.020849,0.009221,-0.00601,-0.011043,-0.000187,-0.003681,0.001253,0.018827,0.00706,0.01268,0.008548,-0.009968,0.009345,0.005017,0.007904,0.015036
80286,-0.002762,-0.003385,0.009469,0.015396,0.015463,0.00534,-0.007278,0.002378,0.017594,0.012628,0.002302,0.006604,-0.01217,-0.007796,-0.014162,0.015153,0.008627,0.00961,0.000666,-0.004185,-0.011367,-0.024444,0.020402,0.008153,-0.007509,-0.023669,0.008346,0.009755,0.002342,-0.033489,0.0139,-0.013908,0.017933,-0.003563,0.00586,0.022317,-0.006085,-0.008455,-0.005293,-0.009294,-0.009281,0.01511,9.9e-05,0.004465,0.028746,0.005185,0.024742,0.012119,-0.013171,0.001773,-0.000466,0.008203,-0.018676,-0.019031,0.009124,0.011135,0.004989,-9.4e-05,0.000937,-0.002152,0.000656,0.014058,0.005545
18420,0.003814,-0.015468,-0.005513,0.018847,0.025027,-0.005573,-0.00427,-0.022246,0.016722,0.011863,0.0,0.005862,0.028874,-0.010299,-0.019251,0.01008,-0.003151,0.005005,0.00865,0.018711,-0.005357,0.010516,-0.053807,0.005097,0.01201,-0.017405,0.004294,0.028862,0.000779,-0.014534,-0.002107,-0.004751,-0.025723,0.022047,-0.004823,0.014809,-0.015123,-0.005657,0.000271,-0.007584,-0.023199,-0.015926,0.000284,-0.028101,0.007009,-0.00348,-0.006985,-0.003224,0.000588,0.004408,0.025454,0.006847,-0.001417,0.025255,0.001661,-0.005526,-0.011392,0.016863,-0.010503,-0.012849,0.003679,0.01466,0.018061
87717,0.022398,0.006314,-0.00397,0.007328,-0.003063,0.001536,-0.005369,-0.000128,0.005013,0.010871,-0.001139,0.010893,0.003634,0.00412,-0.005844,0.00025,0.006502,-0.021988,0.006986,-0.011857,0.013786,-0.02896,0.014264,0.012017,-0.005685,-0.03786,-0.010432,-0.008941,-0.006194,-0.022626,0.009565,0.006865,0.014183,0.002286,-0.009257,0.001354,-0.014334,-0.0166,0.000419,-0.012272,-0.006494,-0.000995,-0.002987,0.008047,0.019102,0.013149,-0.009388,0.011289,0.015711,-0.009227,0.017256,0.003366,-0.007514,-0.011626,0.01655,0.014263,0.012603,-0.012315,-0.014591,-0.006192,-0.008804,0.021317,0.014985
56274,-0.003965,-0.008686,0.002921,0.011649,0.017992,0.000353,-0.026855,0.067175,0.01327,-0.001007,0.011092,0.000332,0.000997,0.01328,0.011796,0.000324,0.012626,-0.01055,0.001292,-0.013472,0.013834,-0.020793,-0.006304,0.002003,-0.006998,-0.020134,0.013356,-0.012166,-0.017448,-0.02124,0.017432,0.013986,0.003448,-0.000687,-0.020633,0.002809,-0.003852,0.015466,-0.002077,-0.012834,-0.042516,-0.014312,-0.003351,0.028016,0.039971,0.022013,0.013675,-0.000675,-0.00945,0.015332,-0.008389,0.00846,0.002685,-0.018072,-0.01227,0.008972,-0.001368,-0.016438,-0.021588,0.028114,0.001385,-0.120982,0.042863
84761,0.013988,0.020587,0.00256,-0.042999,0.008858,-0.002539,-0.010712,0.021977,-0.000629,-0.012176,-0.015514,-0.018457,-0.013196,0.011143,0.013004,0.014904,0.003323,-0.007479,0.03606,0.009351,-0.003294,0.022927,0.00636,0.019462,0.000295,-0.017413,0.019323,0.003045,0.012338,-0.032598,0.035397,0.037953,0.000651,-0.008275,-0.034502,0.007477,0.004627,0.001439,0.006131,0.014474,0.004318,-9.3e-05,0.010842,-0.020342,0.028693,0.023488,-0.007889,0.008855,0.001164,-0.01333,-0.014326,0.01849,-0.003251,-0.000634,0.006619,0.0,0.004684,0.009862,0.010565,-0.008961,-0.011169,0.016495,0.001235
16649,0.018131,0.018521,0.041497,-0.04432,0.016864,0.009329,0.057166,0.001187,0.024364,0.002315,0.004725,-0.015362,-0.021439,-0.00282,0.03883,0.058004,0.006729,-0.000786,0.013183,0.003981,0.006093,-0.018072,0.014586,0.023447,0.016216,-0.024863,0.004472,0.007672,-0.00752,-0.052372,0.037677,0.022152,0.033732,0.01112,-0.01857,0.007165,0.000365,-0.015589,0.015281,-0.009395,-0.028637,0.010522,0.062101,-0.037008,0.045492,0.04825,0.034145,0.030266,0.020501,-0.019781,0.017746,0.005709,-0.01074,-0.008918,0.007277,0.028509,0.007402,-0.016719,-0.046893,-0.032,-0.010579,0.025226,0.006273
76095,-0.004339,-0.000415,-0.013494,-0.004419,-0.003805,-0.00679,0.004059,0.011915,-0.003574,0.003165,-0.010518,-0.026573,-0.05154,-0.000691,-0.009217,0.029302,0.010619,0.010508,0.008186,0.000439,0.017328,-0.007978,0.00739,0.007983,-0.000642,-0.022275,0.001533,-0.004812,0.002198,-0.021711,0.006725,-0.000445,0.00401,-0.004438,-0.00156,0.001116,0.002899,-0.00667,0.000224,-0.01365,-0.011116,0.008029,0.001593,0.001136,0.02315,0.03039,-0.003014,0.0149,0.02234,-0.006035,0.008166,-0.009761,0.003356,-0.001045,0.010672,0.015735,0.003057,-0.002845,-0.011209,-0.003916,-0.016139,0.003365,0.006498
60599,0.031693,-0.019402,0.019786,0.001617,0.012914,-0.001594,-0.011173,0.012914,0.003187,-0.037331,-0.012376,0.023392,-0.011429,0.002477,-0.021417,-0.000842,-0.023589,-0.013805,0.016623,0.003442,-0.020583,-0.005254,0.005282,0.022767,-0.013699,-0.009549,0.001753,-0.049869,0.002762,-0.034894,0.046622,-0.004545,-0.027397,-0.005634,-0.043437,0.009872,-0.026393,-0.030121,0.046584,0.001978,0.025666,0.029836,0.0,-0.010526,0.000967,-0.017391,0.030482,0.005725,-0.019924,0.032914,0.009372,0.035283,-0.004484,0.014414,0.016874,-0.01048,0.001765,-0.000881,-0.0194,-0.033273,0.014884,0.066911,0.010309
82686,0.000301,0.004414,0.02347,-0.024102,0.009699,-0.000495,0.004161,0.002072,0.003446,0.003532,-0.000196,-0.004694,-0.015427,-0.000898,-0.002597,0.010316,-0.004163,-0.009357,0.014671,-0.001585,0.001389,-0.001783,-0.015182,-0.001008,-0.007766,-0.008538,0.0,-0.006869,0.003303,-0.018932,0.004929,0.002296,0.005623,-0.008076,-0.00762,0.006206,0.004913,-0.009778,-0.005673,0.003592,-0.006316,0.003708,-0.006544,-0.0068,0.009414,0.006041,0.008217,0.005243,0.001252,-0.001459,0.007304,0.002175,0.000413,0.003306,0.006076,0.012692,0.004447,0.004126,-0.002104,-0.01426,-0.007742,0.003285,0.004298
47626,0.016148,-0.014302,0.003915,0.004588,0.001599,-0.005928,-0.00711,0.011088,0.012337,0.001128,-0.000902,0.013087,-0.009131,0.000225,-0.003596,0.000902,0.001352,0.007201,0.012511,0.013239,0.008929,-0.014893,-0.000657,0.003727,-0.001311,-0.015967,0.006001,0.006407,0.015148,-0.021573,0.002004,0.007779,0.016762,-0.002169,0.000435,0.007171,-0.004746,-0.011273,0.00285,-0.010057,-0.004859,-0.002219,0.0,0.011344,0.004618,0.005473,0.001089,0.00348,0.00065,0.012779,0.00556,0.00553,0.008249,-0.013216,0.005315,-0.000212,0.008672,-0.010694,0.0,0.003815,-0.022593,0.00108,0.015753
13914,0.016892,0.000541,0.003243,-0.048568,0.003074,-0.003307,-0.002751,0.026534,-0.008695,-0.011243,0.014919,-0.009932,-0.026405,-0.022587,0.007253,0.003517,-0.000417,-0.007095,0.014712,-0.00116,0.010368,-0.008784,-0.003975,0.04615,-0.025117,-0.006523,0.012146,-0.002757,0.008212,-0.059113,0.026656,0.014026,0.013008,-0.010241,-0.022582,-0.011174,-0.009771,-0.034578,0.003733,0.009031,-0.000702,-0.00764,-0.004778,-0.037432,0.03898,0.081081,-0.037007,0.069257,0.337034,-0.018995,0.008464,-0.001449,-0.01288,0.005268,0.00195,0.024327,0.020543,-0.005992,-0.026103,-0.021995,-0.003933,0.014127,0.009915
75034,0.004329,-0.030532,-0.019266,0.011334,0.000374,0.001494,-0.00522,0.007121,-0.007815,-0.010503,-0.0163,-0.004239,-0.002322,-0.006982,0.039063,-0.023684,-0.013862,-0.001562,0.000391,0.015246,-0.075087,-0.019567,-0.001274,0.025935,-0.007874,-0.030493,-0.011202,-0.014815,-0.012826,-0.025986,0.024839,0.020646,0.010554,-0.003046,0.024444,0.01374,-0.010589,-0.012843,-0.03686,-0.001801,-0.0212,-0.024424,0.011337,0.020084,0.009158,0.008621,0.032389,0.016122,0.003859,-0.010679,-0.037133,0.021525,-0.027656,0.011287,0.030804,0.009961,0.044597,0.033251,-0.017879,-0.004045,0.00528,-0.002424,-0.00243
27043,-0.000917,0.002754,-0.017186,0.00258,0.006147,0.008596,-0.006832,-0.002908,-0.000498,0.006974,-0.003251,-0.027794,-0.039819,-0.006684,-0.00237,0.018702,0.002709,0.003226,0.004338,0.006181,0.007845,-0.00962,0.021875,0.009578,-0.011644,-0.02538,0.002985,0.002009,0.000668,-0.03962,0.00564,0.000154,0.005454,-0.00191,-0.001072,-0.019692,0.004064,-0.009809,0.00684,-0.017022,0.000953,0.009047,-0.007,-0.007207,0.013004,0.008348,0.012652,0.007944,0.004821,-0.00495,0.010178,0.000606,-0.009085,0.004661,0.02099,0.01244,0.003237,0.006307,-0.007433,-0.006461,-0.022983,0.006127,0.02338
18062,0.003118,0.008393,0.012022,0.004569,0.004245,0.009058,-0.019749,-0.00641,-0.006452,0.007112,-0.013202,-0.011201,-0.01888,-0.002245,0.001286,0.015409,0.013911,0.009978,0.010188,-0.013448,-0.024164,-0.001905,-0.002545,0.024554,0.001245,-0.032639,0.008676,0.050016,0.010316,-0.034535,0.013997,0.004601,0.007634,0.001212,-0.011804,0.002757,-0.013745,0.003097,-0.008953,-0.00405,-0.007194,-0.007246,-0.007299,0.02078,0.025055,0.005194,-0.012158,0.005846,-0.007342,0.003698,0.018729,-0.018987,-0.018433,-0.014398,0.040965,0.010372,-0.005737,0.024294,-0.005929,0.037578,-0.014372,-0.000875,-0.013427
32986,-0.008355,-0.018615,0.013377,-0.008571,0.008843,-0.006008,-0.003369,-0.001491,0.002589,0.004966,-0.000791,-0.009297,-0.007288,-0.002615,-0.001109,0.005047,0.005222,0.008892,0.0,-0.004951,0.018511,-0.00342,0.000882,0.008425,0.001166,-0.008054,-0.014575,-0.000397,0.012115,0.005691,-0.010341,-0.006901,0.009033,0.009936,0.001851,-0.007681,0.008132,0.004568,-0.000242,-0.012645,-0.007586,-0.000993,0.011526,0.010511,-0.012832,0.02255,0.00366,-9.6e-05,-0.01046,-0.004849,0.016663,0.002013,0.004305,-0.002286,-0.000668,0.009553,0.002082,0.014731,-0.004095,0.008503,-0.035671,0.007206,0.006964
23579,0.01816,-0.013959,-0.007668,0.013077,0.006454,0.000777,-0.020583,0.000397,0.006144,0.017136,-0.004454,0.0142,0.040084,0.016965,-0.022303,0.006677,-0.000921,-0.016412,0.004874,-0.002052,-0.009161,-0.002642,-0.007,0.015432,-0.002064,-0.026885,-0.000386,-0.017395,0.012785,-0.046417,0.020163,0.0,0.017768,-0.036877,-0.009369,0.016036,-0.014569,-0.026078,0.002741,-0.01619,-0.007267,-0.006674,-0.018206,0.022296,0.044915,0.0031,-0.003296,0.015089,0.009367,-0.018358,0.00185,0.020513,-0.00563,-0.00364,0.034504,0.000785,0.028622,-0.010673,-0.001926,-0.00386,-0.004263,0.00934,0.022556
15315,0.005187,0.002911,0.004749,-0.021009,-0.000134,0.005768,0.000133,0.012802,0.0474,-0.004777,0.003789,-0.004027,-0.020847,0.009935,0.011371,0.015033,0.000498,0.003856,0.013011,-0.006972,0.003942,-0.004908,0.001603,-0.022775,-0.000882,-0.009078,0.0014,-0.004828,-0.005235,-0.039405,-0.006547,0.015467,0.010331,-0.017305,-0.010005,0.018731,-0.002249,-0.011932,0.003489,0.006552,-0.016472,-0.002971,0.007857,-0.055242,0.017072,0.012869,-0.001381,0.012308,0.002186,-0.013904,-0.007465,-0.010446,-0.014215,0.017276,0.002105,0.013165,0.003456,-0.006199,-0.001525,-0.032209,-0.021948,0.022734,0.006023
14558,0.030193,0.007062,0.008065,0.001391,0.002084,0.004506,-0.009317,0.015674,-0.006173,0.018289,-0.001694,-0.006449,0.013666,0.002022,0.0074,-0.006344,0.00504,-0.004346,0.011417,-0.004648,-0.003336,0.000673,-0.002691,0.008769,-0.003009,-0.009725,-0.007789,0.003072,0.017353,-0.038796,0.021225,-0.006814,0.019211,-0.010098,0.00646,0.005405,0.001344,-0.02651,0.014478,-0.004078,-0.002729,-0.001368,-0.010963,0.001039,0.032526,0.0,-0.000335,0.00067,-0.00737,0.003375,-0.013791,0.004093,-0.007813,0.006162,0.014971,-0.002682,0.008067,-0.003001,-0.010368,0.008449,0.007038,0.009651,0.021424
12650,0.015606,-0.00815,-0.002397,0.005405,0.001792,0.001789,-0.009694,0.005667,8.5e-05,0.010672,-0.006504,0.003231,0.040851,0.018077,-0.007838,0.000161,0.000887,-0.007006,0.009732,-0.014216,0.003259,-0.006009,0.010131,0.013022,-0.007106,-0.014233,-0.009544,0.006424,-0.012602,-0.02735,0.014059,0.00605,0.013698,0.004779,-0.004346,0.012354,-0.009762,-0.006819,-0.000331,-0.001986,-0.021806,0.005848,-0.04542,-0.010858,0.045248,0.018528,-0.016347,0.004432,0.021362,-0.006833,-0.006041,-0.012577,-0.000598,-0.021127,0.017564,0.007815,0.005794,0.012369,-0.013557,-0.00017,0.005685,0.018898,0.008694
90454,0.002601,0.007985,-0.008082,0.007013,0.02206,0.01674,0.003293,-0.002046,-0.004798,0.010225,0.007273,0.004508,-0.002624,0.006445,-0.006782,0.001411,0.007162,0.004085,0.015897,0.024548,0.007347,0.01333,0.003085,0.011099,0.015347,-0.034637,0.003394,-0.010042,0.010612,0.002491,0.02038,-0.001357,0.008467,0.009467,0.00486,-0.005279,0.001541,-0.002974,-0.011316,-0.025146,0.000889,0.009384,0.04881,-0.012088,0.016654,0.059107,0.031755,0.023711,0.01581,-0.017388,-0.026079,-0.023395,0.007492,-0.004843,0.000157,0.040308,-9.1e-05,0.005191,-0.00018,-0.041979,-0.019966,0.011738,0.016059
13688,0.011798,-0.019434,0.045866,0.021115,0.027041,0.016004,-0.043699,0.002657,0.013778,0.206482,0.02773,-0.061551,-0.018419,-0.038902,0.019048,0.006075,0.065026,0.006978,0.013859,0.000427,-0.038429,-0.036412,-0.034102,0.025286,-0.00698,-0.015933,-0.035238,-0.044916,-0.03876,-0.019893,0.007131,-0.01634,0.006091,-0.063291,0.038778,0.043552,0.02981,-0.000526,-0.008425,-0.058417,-0.033841,0.037945,-0.038245,0.046199,0.047513,0.107257,0.010602,-0.024321,-0.033724,-0.03389,-0.045026,0.002741,0.010388,0.021645,0.013771,0.072623,0.148076,-0.02588,-0.056185,-0.00323,0.005556,0.10267,-0.043006
79785,-4e-06,0.000365,0.00935,0.02721,0.000199,0.003762,-0.001114,0.011244,0.011624,0.00878,0.009629,0.007823,0.007432,0.012974,0.060902,-0.017406,0.00024,-0.021765,-0.009422,0.005282,0.006346,0.009849,0.02021,0.006814,0.006841,-0.012441,-0.0072,0.024622,-0.005046,-0.012593,0.011292,0.00899,0.008768,-0.00737,-0.017717,0.014762,-0.018898,-0.009702,0.017865,-0.017845,0.001692,0.001994,-0.007628,0.020343,0.015566,0.011795,0.001731,0.008479,0.003347,-0.009267,0.007173,0.000239,0.018791,-0.008562,0.005816,-0.021473,0.010699,-0.028942,0.006335,-0.018772,-0.010667,0.029931,0.010988
17743,0.00118,-0.003183,0.007156,0.001761,0.005451,-0.002099,-0.005433,0.002115,0.009671,0.00923,-0.001381,0.013133,-0.01211,0.007424,-0.009254,0.01159,0.034029,0.002481,0.002474,-0.000494,0.00922,-0.000326,-0.002285,0.005888,0.000325,-0.009103,-0.005413,0.000165,0.013687,-0.007646,0.005082,0.004241,0.008608,-0.005153,0.001781,0.001939,0.003548,-0.010445,0.007795,-0.006445,0.006974,-0.001288,0.003064,0.007556,0.005106,0.0127,0.003292,0.004844,0.000622,-0.00404,0.009674,0.002473,0.011562,-0.000152,0.010308,0.011116,0.006175,0.001048,-0.002542,0.0006,-0.025318,0.0,0.013372
25320,-0.007343,-0.006077,-0.009835,0.005369,0.021629,0.007057,0.024916,-0.000253,0.013545,0.003782,0.000754,-0.010291,-0.007608,0.006644,-0.001777,-0.010682,0.002571,-0.021026,0.012048,-0.007764,0.009129,-0.009563,-0.010699,0.009496,-0.001568,0.000523,0.009417,0.009588,-0.005647,-0.000516,-0.001291,0.008017,-0.001283,0.005137,-0.009711,-0.008516,-0.014576,0.006603,-0.015219,-0.019984,-0.015226,-0.011596,0.014246,0.029193,0.019802,0.100236,0.025757,0.001628,-0.024838,0.012378,-0.002351,0.004949,-0.008912,-0.02106,-0.012328,0.009789,-0.005574,-0.008287,-0.003932,0.012583,-0.014133,-0.017548,0.00805
77037,0.033797,-0.004556,0.009085,0.014472,-0.002367,0.006194,-0.013361,-0.002257,0.019826,0.002936,-0.008261,0.015479,0.014532,-0.011778,0.004123,-0.006736,0.026612,-0.042091,0.01064,-0.026516,-0.003405,-0.002144,0.007317,0.021593,0.002675,-0.038842,-0.014418,0.004121,0.001231,-0.030879,0.01713,0.005475,0.007858,-0.000615,0.005406,-0.007011,-0.014806,-0.028178,-0.008591,-0.01011,-0.020572,-0.000372,-0.013188,-0.005965,0.028485,0.003476,-0.002358,0.005762,0.021372,0.012008,0.008953,-0.003592,0.003887,-0.022247,0.014041,0.008521,0.024995,0.002679,-0.023635,-0.003228,0.010207,0.026131,0.013581
16753,0.025605,0.023604,0.025721,-0.02032,0.003972,-0.006154,-0.007961,0.018725,0.003501,0.013519,0.003873,0.008573,-0.011475,-0.004299,0.002159,-0.000431,0.002155,0.00172,0.001288,0.01458,-0.004227,-0.015705,-0.010349,0.067538,-0.001225,-0.021251,0.018372,0.00656,-0.000815,-0.046066,0.007692,0.01866,0.012073,0.011929,-0.013821,0.030915,-0.009196,-0.011703,-0.003675,-0.009426,-0.001241,-0.004557,-0.022472,0.026394,0.028619,-0.007258,0.016653,-0.012785,0.001214,-0.013743,-0.039754,0.009816,0.005917,-0.022689,0.025365,0.008805,-0.006234,-0.023421,0.000857,0.005563,0.002128,0.022081,0.011633
69649,0.033205,-0.000843,0.009276,0.007639,0.00924,0.003521,-0.009591,0.010983,0.01063,0.014794,-0.003872,0.012463,0.002823,0.004392,-0.006951,0.010839,-0.011728,0.019552,-0.005099,0.020501,-0.000218,-0.022606,0.004804,0.012899,-0.002964,-0.03061,-0.002272,-0.006603,0.002865,-0.046966,0.015468,-0.016177,0.009962,-0.001783,0.006429,0.014668,-0.007927,-0.004348,0.024903,-0.018425,-0.000704,-0.007983,-0.022722,-0.006297,0.037534,-0.005285,0.000945,-0.012033,0.010866,-0.005079,-0.011279,0.003482,-0.012086,-0.003876,0.0107,-0.023941,-0.005423,0.020697,-0.025134,-0.001744,0.008734,0.020408,0.02897
87137,-0.000634,-0.010463,-0.016021,0.009769,0.038375,-0.00528,-0.030284,0.010947,-0.007006,0.073765,-0.02718,0.007983,0.011575,0.010238,0.047988,-0.015927,-0.003179,-0.027544,-0.025343,0.000918,-0.017726,-0.009334,-0.028895,0.010996,0.007358,-0.013973,0.015459,-0.00888,0.00192,-0.044395,0.028075,0.005527,0.011963,-0.022045,-0.018948,0.036297,-0.058162,-0.073013,-0.006625,-0.01445,0.009399,-0.039851,-0.02405,0.013911,0.018816,-0.019623,0.005887,0.002341,0.016738,-0.000766,-0.023755,0.02865,-0.0134,0.024447,0.018939,0.000372,0.043107,0.006056,-0.011331,0.0,0.029011,-0.014967,0.007774
75107,-0.027417,0.023186,0.002604,-0.007265,0.007212,-0.006879,-0.004595,-0.003941,-0.030833,-0.006657,0.00822,-0.02332,-0.054371,0.02016,0.017033,0.004791,0.032993,-0.009969,0.025286,-0.00331,0.012445,-0.001226,-0.044393,0.026363,-0.010304,-0.025916,-0.006527,0.006416,-0.011529,-0.025298,0.017118,0.011648,0.009473,-0.006333,-0.030329,0.030723,0.019744,-0.010698,0.029508,-0.003661,-0.033519,0.023121,-0.01678,-0.001871,0.021535,0.006515,0.001451,-0.004904,0.017023,-0.038175,-0.028585,0.003889,-0.017884,0.020681,0.001249,-0.000663,0.015724,-0.016479,-0.011209,0.015365,-0.021162,0.013155,0.02181
59248,0.01207,-0.003644,-0.005154,0.015374,-0.00214,0.002639,-0.020398,-0.002519,0.011279,-0.001498,0.007836,-0.015219,-0.001848,0.033322,-0.003909,0.001962,0.020072,0.004639,0.016401,0.000783,0.004853,-0.075401,0.009604,0.024199,-0.006355,-0.014759,-0.01498,-0.014025,0.00497,-0.013131,0.009504,-0.002054,0.004117,0.00205,-0.010228,0.012229,0.008167,0.002869,-0.011781,-0.025204,-0.031097,-0.012802,0.01169,0.016733,0.037209,-0.009659,0.005051,-0.012823,-0.039143,-0.00201,0.004027,0.00474,-0.020142,-0.006296,0.008386,0.010165,0.005854,0.008003,0.000722,-0.001082,-0.007942,0.006732,0.012109
36003,0.008169,-0.002145,0.006926,-0.010911,0.000959,0.001677,-0.003349,0.00408,0.013623,0.012261,0.003028,0.00209,-0.004635,0.008149,0.003464,0.006904,-0.100571,-0.006099,-0.000256,-0.005115,-0.005913,-0.039566,0.010232,0.009062,-0.00766,-0.021826,-0.000544,-0.003948,-0.001097,-0.020307,0.012045,0.005259,0.015969,-0.000542,0.003796,0.014047,-0.001066,-0.017067,0.004612,-0.012152,0.009295,0.021939,-0.004241,-0.006654,0.017417,0.000527,-0.000526,0.013695,-0.007015,-0.017792,0.00666,-0.001059,-0.002649,-0.004515,0.005603,0.004245,0.00317,-0.010271,-0.024747,-0.000273,-0.03357,0.034454,-0.020748
82486,0.00633,-0.012524,-0.004848,-0.005948,0.00114,-0.008582,-0.002366,0.006826,0.010112,0.010181,-0.002421,0.018174,-0.007262,0.004802,-0.020339,0.026831,-0.00685,0.022694,0.002665,0.014538,0.012244,-0.008821,0.001439,0.050766,0.010584,-0.014433,0.007169,-0.006664,0.008843,-0.018942,0.008421,0.019656,0.009988,0.008703,0.006078,-0.000341,0.006434,-0.003681,-0.022894,0.006666,0.011267,0.015197,0.023682,0.010533,0.020846,0.036146,0.010602,0.015627,0.021301,0.007554,0.036112,-0.016442,0.010463,-0.004207,0.009139,0.017429,0.006686,-0.006877,0.003245,0.012227,-0.025835,-0.00044,0.017568
58819,-0.005941,-0.006403,-0.00043,-0.004513,0.009067,-0.00813,0.001726,-0.00323,0.007345,0.00386,-0.001709,-0.013482,-0.004338,0.001743,-0.00087,0.00653,0.009516,0.00407,0.002347,-0.007344,0.020527,-0.009528,-0.002138,0.011568,-0.001906,-0.005304,-0.015358,0.0026,0.019447,0.014201,-0.010449,-0.000845,0.009723,0.006908,0.002079,-0.00249,0.008111,0.006189,-0.001025,-0.021962,-0.01595,0.0,0.012156,0.011378,-0.001042,0.023358,0.00428,-0.005682,-0.00449,-0.011685,0.017216,0.003874,0.015641,-0.008,-0.008266,0.009352,0.006646,-0.0004,-0.003002,-0.000602,-0.016071,-0.001021,0.003066
15069,0.040694,-0.014951,-0.011675,0.012404,0.032672,-0.00565,-0.019318,0.011008,-0.0149,0.033159,-0.021397,0.005178,0.015455,-0.006764,0.065834,-0.005325,-0.028373,-0.012121,-0.030675,-0.013234,-0.006414,-0.02993,-0.061101,0.010309,0.00574,-0.016487,0.003224,-0.018638,-0.000655,-0.015072,0.031936,-0.00194,0.018146,-0.015277,0.004525,0.019305,-0.025884,-0.056384,-0.008929,-0.00693,-0.016748,-0.033357,-0.034508,0.013688,0.009002,-0.019331,0.004549,0.004528,0.010518,-0.002974,-0.029083,0.019969,-0.02259,0.026965,0.025506,-0.002926,0.035216,-0.004252,-0.008541,-0.002154,0.035252,-0.013204,0.000704
11786,0.037687,0.007021,0.006111,0.009582,0.006101,0.006148,-0.018333,0.01164,0.004889,0.022271,-0.014893,0.025363,-0.00195,-0.0105,-0.001933,0.029175,-0.003483,-0.006107,0.001092,0.020434,-0.003839,-0.005125,0.019926,0.012489,-0.003673,-0.02449,-0.003103,-0.001676,-0.009035,-0.063778,0.018356,-0.029026,0.012289,-0.010891,0.013405,0.017178,-0.023982,-0.043994,0.01629,-0.022039,-0.008013,-0.028684,-0.048384,0.006852,0.058635,-0.01118,0.010506,-0.007273,0.00742,0.004662,-0.008027,0.017541,0.002942,-0.003071,0.015126,-0.031975,0.002807,0.008631,-0.009529,0.001728,0.010583,0.020852,0.014913
52329,0.025402,-0.006615,-0.004047,-0.001704,0.007354,-0.00013,-0.014733,-0.000794,0.011522,0.008117,-0.007532,0.009029,-0.004409,0.002084,0.022748,0.020971,-0.011204,-0.013345,0.007784,-0.006584,-0.006628,-0.004491,-0.010955,0.003518,0.0,0.015842,0.010226,-0.005061,0.000382,-0.036232,0.00897,0.004184,0.011197,-0.012387,-0.006141,0.018536,-0.009035,-0.020578,0.008644,-0.01503,-0.011243,0.017869,0.00133,0.02072,0.026936,0.014192,-0.005122,-0.002888,0.00932,-0.022086,-0.006763,0.006295,-0.000383,-0.001277,0.021228,0.009642,0.015751,0.005006,-0.004009,0.004147,0.005952,0.014491,0.004523
34032,0.0,0.006868,0.000253,0.013387,0.015703,0.002454,-0.014688,0.003975,0.000495,0.003721,0.00173,-0.00148,-0.011861,0.00125,-0.008492,0.007305,0.0,-0.062266,0.026133,0.02209,-0.006865,0.0064,0.010939,0.017614,-0.008655,-0.029933,-0.015685,-0.011755,0.002908,-0.02504,0.009732,0.013655,0.007924,-0.015985,0.003196,0.010619,-0.003677,-0.027155,0.010298,-0.021727,-0.015081,-0.002227,-0.02567,0.019473,0.044663,0.000807,0.005642,0.01416,-0.002107,0.001584,0.006062,0.022793,-0.019211,-0.009141,-0.002372,-0.007662,0.029286,-0.014485,0.019685,-0.011583,0.01276,0.002829,0.006154
91547,0.012483,-0.019263,0.000629,0.004711,0.009691,0.003096,-0.012346,0.009688,0.009749,0.001379,-0.005816,0.002617,-0.000461,0.002304,0.002299,0.016973,0.000301,-0.002104,0.00241,0.004808,0.098849,-0.008574,0.003981,0.017911,-0.004567,-0.007826,0.008704,0.01146,0.006132,-0.022655,0.007185,0.010094,0.016522,-0.003932,-0.009475,0.019397,0.003128,-0.010913,0.001839,-0.016914,-0.002401,0.000401,0.006682,0.007832,0.027397,0.001539,0.007424,0.009149,-0.003148,-0.01061,0.011745,-0.006435,0.005356,-0.007483,0.004856,0.0,0.013099,-0.00929,0.000507,0.002153,-0.007835,0.011209,0.005794
85459,0.015059,0.002152,0.002373,0.005975,0.002578,0.001789,-0.004352,-0.010086,0.01517,0.01249,0.000991,-0.014965,-0.000558,0.005812,0.001889,0.006322,0.007605,-0.031065,-0.009257,-0.075775,-0.001356,-0.003333,0.033321,0.005754,-0.008224,-0.007932,0.008601,-0.006966,-0.01149,-0.020556,0.01674,0.005775,0.012827,-0.008322,-0.00523,0.001223,-0.00867,-0.00542,-0.012633,-0.008906,0.008607,-0.011294,0.010661,0.002135,0.005514,0.009472,-0.011605,0.001634,0.0064,0.002619,0.02251,0.016419,0.001556,-0.016846,0.014704,-0.001557,0.007557,-0.011548,-0.001927,-0.001569,0.00701,0.010202,0.002139
90248,-0.033514,-0.016957,0.032175,-0.016475,0.022576,-0.027734,0.001333,0.004479,0.026553,0.008061,0.005008,-0.013751,0.038811,0.008897,-0.006016,0.01579,0.048927,-0.024593,-0.010924,-0.016677,0.00636,0.003252,0.010536,0.019794,0.008114,-0.016417,0.020765,-0.003496,-0.013432,-0.01613,-0.003724,0.013963,0.004229,0.012273,0.012836,0.000386,-0.001895,0.003094,-0.009463,-0.006652,-0.010686,-0.00162,0.008006,-0.010769,0.027162,0.004718,0.005818,0.0,-0.015192,-0.008881,0.006675,-0.000213,-0.002275,0.00481,0.001241,-0.005915,0.004062,-0.005287,-0.021261,0.010096,-0.004583,0.007504,0.001223
24643,0.028781,0.004578,-0.008608,0.014811,0.012079,0.007459,-0.012833,0.004,0.014442,0.016691,-0.007726,0.006326,-0.036751,0.006024,0.011976,0.019724,0.02031,-0.021801,0.001938,0.000967,0.037681,-0.000931,0.021901,0.022821,-0.000892,-0.004466,0.004486,-0.013399,0.017655,-0.043149,0.016272,0.006862,0.004998,-0.007233,0.002277,0.016811,-0.000447,-0.007153,0.001801,-0.004944,-0.004968,-0.001362,-0.004545,0.010046,0.019439,0.019069,0.013055,0.011168,-0.01062,-0.012022,-0.015211,0.023389,-0.009056,-0.004352,0.028409,0.0068,0.019417,0.007453,-0.001233,0.003704,0.0205,0.020088,0.016936
75100,0.002463,0.00378,0.006497,0.003742,0.001864,-0.008186,-0.008441,0.001513,0.001511,0.00132,-0.00292,0.012846,-0.009792,0.008853,-0.01307,0.019107,-0.009189,-0.01808,0.027857,-0.001299,0.002045,-0.013819,0.014765,0.015292,-0.035965,-0.015529,0.017024,-0.007755,-0.000667,-0.068383,0.006757,0.000203,0.01098,-0.034393,-0.006561,0.025894,0.006642,-0.031774,-0.018138,-0.026268,-0.004057,-0.008478,-0.010439,0.011895,0.025951,-0.000649,-0.013629,-0.007896,0.018459,-0.000543,-0.007493,-0.002626,-0.001536,0.004505,0.006672,0.014342,0.035999,-0.026009,-0.018906,-0.006641,0.007672,0.000435,0.018047
76230,0.014356,-0.007077,0.003932,-0.007099,-0.001479,0.008395,-0.019589,0.004995,0.011431,0.007125,-0.001464,0.010017,-0.007983,0.00317,-0.014584,0.01406,-0.000973,-0.018749,0.008189,-0.00443,0.009147,-0.008819,0.041028,0.029202,-0.010611,-0.005596,-0.010786,-0.001422,0.000712,-0.041746,0.009653,-0.007845,0.012849,-0.022689,-0.01373,0.021514,0.010654,-0.013729,0.010689,-0.004181,-0.015559,0.009533,-0.008449,0.002506,0.0275,0.013139,0.002882,0.01796,0.013644,0.001857,-0.013204,0.010798,-0.007896,0.001873,0.026402,-0.006601,0.001604,-0.007092,0.005991,-0.000229,0.00252,0.014854,0.015762
76795,0.011359,0.008069,0.006647,-0.00479,0.020186,0.014245,-0.005961,0.024941,0.004831,0.031054,-0.010525,0.012669,-0.008497,0.001981,-0.009326,0.012711,0.008568,-0.017117,-0.009637,-0.009905,-0.069499,-0.028512,0.003998,0.002525,-0.000484,-0.026846,-0.003834,-0.022544,0.00179,-0.075961,0.031545,-0.008248,0.026137,-0.057362,-0.03266,0.027818,-0.01999,-0.016387,0.023359,0.000626,-0.040787,0.007117,0.009539,-0.021874,0.055996,0.025469,0.000936,0.036367,0.032595,-0.012544,0.008122,0.001911,-0.016443,0.011425,0.045702,-0.006343,0.002942,-0.005022,-0.00035,-0.012548,0.029717,0.020797,0.008958
85002,-0.008977,0.038774,-0.000163,-0.01345,0.03181,-0.007527,0.000565,0.020966,-0.047311,-0.025949,0.019406,0.015196,-0.023522,-0.017603,-0.024434,0.037789,0.000593,0.017434,0.008152,0.011221,-0.045855,-0.011459,0.005623,0.039656,0.00604,-0.044329,-0.01463,0.038777,0.025727,-0.080246,0.032439,0.02883,0.028778,-0.007748,-0.033698,0.03079,0.003548,-0.027709,0.021903,0.015475,-0.037405,-0.015831,-0.020645,0.009486,0.031149,0.027255,0.005504,0.012172,-0.025182,-0.019126,0.012915,0.02675,-0.029543,0.062725,0.041316,0.015795,-0.031397,-0.002381,-0.019557,-0.024973,0.033666,0.011064,0.171008
14182,-0.009127,-0.017198,-0.001638,0.027112,0.0,0.004921,-0.009477,0.011429,-0.001587,0.007376,0.010857,0.00256,0.014761,0.006506,-0.022806,0.010608,0.090831,-0.005038,-0.010867,-0.014437,-0.01424,0.006927,0.002763,0.011434,-0.002261,-0.025681,0.001849,-0.008869,-0.006246,-0.057594,0.023727,0.007078,0.014617,0.013058,-0.006233,-0.001461,-0.058361,0.007318,-0.007715,-0.041791,-0.01278,0.068699,0.003525,-0.017435,0.029444,0.007956,0.004635,0.018706,0.006365,0.009853,-0.003794,0.013059,0.006684,0.004565,0.011271,-0.002509,0.01445,0.008246,-0.001544,-0.001604,-0.026852,-0.001179,0.004368
25081,0.037643,0.011172,-0.00052,0.007413,0.002195,0.007729,-0.013933,0.004278,0.007874,0.028817,-0.017179,0.005573,-0.001637,-0.012743,0.000767,0.008939,-0.022402,0.000518,0.006082,0.013376,-0.002538,-0.020359,0.015587,-0.00064,-0.002943,-0.018226,-0.008106,0.004613,0.00656,-0.043014,0.016208,-0.022517,0.015906,-0.007828,0.002449,0.010992,-0.01396,-0.024639,0.010747,-0.014223,0.002942,-0.010335,-0.028789,0.015257,0.031201,-0.01152,0.0,-0.015164,0.000285,0.01354,-0.015891,0.001286,0.011671,-0.014385,0.018931,-0.018012,0.011265,0.000429,-0.007994,0.0059,0.008011,0.012915,0.017795
88949,0.005052,0.012906,-0.011266,0.00095,0.07562,0.009197,-0.008739,0.019018,-0.032135,-0.00332,-0.005253,-0.012107,-0.076923,-0.022881,-0.006071,0.028505,-0.020079,0.02583,-0.035026,-0.000729,-0.011233,-0.011508,-0.001194,0.004931,0.017695,-0.012566,0.008582,-0.004401,-0.003242,-0.055293,0.000939,0.000469,0.031724,0.006059,-0.030714,0.04256,0.021752,-0.00802,0.016316,-0.010848,-0.015792,0.004606,-0.037711,0.042877,0.022694,0.006484,-0.011883,0.022168,-0.03657,-0.021039,0.000902,0.035435,-0.006671,0.045402,0.021366,-0.010391,-0.000691,-0.008157,-0.015333,-0.022792,-0.020571,-0.004585,0.02838
76712,-0.00885,0.005022,0.002776,-0.003322,0.015,-0.015326,0.00667,-0.002761,0.001107,-0.003319,0.003885,-0.014373,-0.007291,0.00113,-0.001693,0.003392,-0.001127,-0.007896,-0.007391,-0.013746,0.00212,-0.012851,0.008876,-0.007038,-0.007088,-0.016657,-0.033273,0.008761,0.008064,-0.008615,-0.001862,0.008706,0.008015,-0.000612,-0.00612,0.008005,0.010996,0.014502,-0.017272,-0.009697,-0.017136,-0.010585,-0.005664,0.008228,0.009416,0.025498,0.028502,-0.01533,-0.016168,-0.003043,0.023199,0.005967,0.013642,-0.015214,0.000594,-0.016033,0.021726,-0.010041,-0.007757,0.001203,-0.01982,0.013481,0.013301
90925,0.041313,-0.008145,-0.006093,0.012527,0.002632,0.003413,-0.017268,0.019436,0.007835,0.005442,0.001289,0.007207,-0.005111,-0.000257,-0.006937,0.005433,0.003088,0.018728,0.020902,-0.034041,0.020174,-0.010263,0.000253,-0.000759,-0.003796,-0.00127,-0.009919,0.001541,0.00949,-0.025661,0.00339,0.016112,0.007417,-0.002031,0.005088,-0.011643,0.0,-0.007426,0.002322,-0.016988,0.008379,-0.004674,0.00574,0.023606,0.00963,0.008032,-0.005727,-0.003005,-0.001758,-0.005536,-0.000506,0.010633,0.006312,0.000753,-0.000501,0.008779,0.020388,-0.006823,-0.008832,0.003218,-0.030595,0.013999,0.011546
89217,0.018179,-0.00167,-0.009519,0.013455,0.015977,0.004582,-0.010924,0.017933,0.012081,-0.004697,0.007329,-0.008157,-0.017449,-0.007975,-0.030331,0.014052,-0.003537,-0.007099,-0.002637,-0.020095,-0.002698,-0.014971,0.018007,-0.021046,-0.00784,-0.00821,-0.012698,0.008007,-0.01107,-0.017392,0.002446,0.000514,0.009305,0.004387,0.004241,0.016768,0.030936,-0.039028,-0.010701,-0.022329,0.007893,0.023174,-0.027543,-0.011807,0.009401,0.0,0.001876,0.002905,-0.01178,-0.008794,-0.010712,0.000465,0.007901,-0.000395,0.020364,-0.006846,-0.002861,-0.000196,-0.005938,0.014245,-0.029579,0.011872,0.016017
83597,0.004028,0.003129,0.009398,0.002139,-0.000356,0.011825,-0.003479,0.00553,-0.000312,0.015023,0.006304,0.006685,-0.019505,0.014475,-0.004044,0.022026,-0.004048,0.005118,0.015089,0.005422,0.012033,-0.013956,0.009264,0.015663,0.017896,-0.019695,-0.006002,0.006689,0.008512,-0.03045,0.016824,-0.006575,0.013055,-0.00061,-0.005783,0.01734,-0.0038,-0.008698,0.007443,-0.013278,0.005715,0.003381,-0.00018,-0.004709,0.029217,0.006913,0.009618,0.008457,0.01684,-0.007001,0.022,-0.015291,-0.001853,-0.002328,0.016101,0.005493,-0.002615,-0.010556,-0.015935,-0.027546,0.014303,-0.013549,0.004029
16736,0.0,0.011141,-0.004939,-0.005346,-0.004223,-0.006939,-0.010481,0.016085,0.005405,0.002304,-0.004215,-0.000385,-0.011932,0.013245,0.007305,0.008397,0.006435,0.007898,0.008209,0.00111,0.007394,0.0,0.0,-0.021651,-0.013128,-0.006081,-0.036711,-0.013497,-0.000805,-0.014499,0.004087,-0.002849,0.006531,0.006083,0.010077,0.027534,-0.011651,-0.02554,-0.012903,0.004493,-0.02318,-0.024979,0.005978,0.008489,0.021465,0.014009,0.000406,-0.012591,-0.008227,0.019079,-0.014245,-0.009703,-0.003772,-0.021456,0.014617,0.009322,0.015533,-0.003721,-0.008714,-0.021766,-0.047497,-0.000898,0.017986
19166,0.027597,0.000253,0.002406,0.014908,0.00112,0.00373,-0.008424,0.004748,-0.00659,0.001001,-0.002626,0.012538,-0.000124,-0.009907,-0.006004,0.008431,-0.004991,-0.009406,0.00633,-0.002264,-0.003152,-0.026309,-0.004027,0.011478,-0.016763,0.029639,0.005732,0.009498,-0.003387,-0.056017,0.001867,0.007321,0.001189,-0.007127,-0.030041,0.018638,-0.014799,-0.025536,-0.006166,0.007191,0.01666,0.009777,0.001636,0.017699,0.045351,0.006015,0.011322,0.015346,-0.009787,-0.003003,0.002761,0.007133,-0.007083,-0.004005,0.013695,0.016857,0.000244,0.006581,-0.009564,0.009779,0.009321,0.001319,-0.001685
39490,0.008944,-0.019731,-0.035589,0.009377,0.065928,-0.000281,-0.019123,0.024083,-0.00224,0.02413,-0.015069,0.016968,0.007659,-0.019544,0.034012,-0.017795,-0.026077,-0.040023,-0.02936,0.00484,-0.009332,-0.036463,-0.060864,0.027199,0.006211,-0.008772,0.003278,0.014701,0.005151,-0.034593,0.028865,0.00516,0.001925,-0.026257,-0.015784,0.03007,-0.043464,-0.062055,-0.011931,-0.015368,-0.00929,-0.018005,-0.004202,0.031454,0.053923,-0.010586,0.028531,0.003814,-0.002418,-0.001039,-0.029116,0.012496,-0.030677,0.012732,0.028736,-0.000698,0.031097,0.004405,-0.019231,-0.02924,0.028703,-0.013434,0.011522
79637,0.007326,-0.007421,0.003738,-0.002086,0.005598,-0.012767,0.006391,0.004781,-0.015392,0.00287,-0.000452,-0.04829,-0.029051,0.015082,-0.012931,0.042148,0.017411,0.010667,-0.018755,-0.015631,-0.002673,-0.01671,-0.006012,-0.008065,0.012114,-0.012371,-0.007564,0.00713,-0.000814,-0.007737,0.005745,-0.005549,-0.001313,0.001479,0.011241,0.012657,0.005048,-0.01977,0.001057,-0.004874,-0.023757,0.004265,-0.003664,0.015977,0.007822,-0.008169,-0.002471,0.021468,-0.001051,-0.004693,0.007398,0.000323,-0.009681,0.005458,0.004132,0.010893,-0.007344,0.007639,0.009097,0.017319,-0.012205,0.008499,0.01748
80080,0.034792,0.004458,0.025865,0.009887,0.0082,-0.006919,-0.008312,0.006163,0.000735,0.027543,0.0,0.006791,-0.008875,0.003223,-0.009163,0.000961,-0.017279,-0.01453,-0.006195,0.000748,-0.017317,-0.004184,-0.011712,0.024733,-0.029164,-0.00997,-0.000916,-0.008771,0.000792,-0.043019,0.006481,-0.008357,-0.003039,-0.013027,-0.016428,0.02384,-0.016174,-0.030187,0.005115,-0.01294,-0.003388,-0.003399,-0.037224,0.040974,0.054898,0.004769,0.000977,-0.00516,0.011776,0.00776,-0.001238,0.021476,-0.020081,-0.000277,0.024976,-0.000271,0.02478,0.007003,-0.00433,0.006458,0.000131,0.008641,0.010254
87034,0.013049,-0.001456,0.008973,0.002335,0.012681,0.008908,-0.012628,-0.011287,0.004596,0.009113,0.010384,-0.015814,-0.012134,0.007332,-0.011122,-0.011434,0.004989,0.011509,0.009035,0.012086,-0.011687,-0.022582,0.002864,0.022287,-0.003823,-0.019264,0.012794,0.003158,0.024852,-0.017347,0.010702,0.002183,-0.004611,0.008718,-0.009583,0.024499,-0.010264,-0.004861,-0.007381,-0.010863,-0.006744,0.024191,-0.043219,0.019916,0.034451,-0.002404,0.000935,0.000252,0.025835,-0.017163,0.000143,-0.012293,-0.00487,-0.012942,-0.005436,0.001994,0.003022,-0.014257,0.008201,0.001405,0.000148,0.01185,0.00611
38762,-0.016748,0.001419,-0.005315,-0.0057,0.01254,-0.008846,-0.001785,-0.003219,0.0061,0.00107,-0.003206,-0.013581,-0.000362,-0.001087,-0.009071,-0.000366,0.007692,0.011996,0.001437,-0.007891,0.011653,-0.013679,0.006569,0.010152,0.000718,-0.005022,-0.009733,0.001456,0.02072,0.007835,-0.009187,0.000713,0.004633,0.003547,-0.004595,-0.00142,0.009246,0.002819,0.001757,-0.022448,-0.015429,0.004009,0.010889,0.010054,-0.001777,0.015313,0.003858,-0.002795,-0.004205,-0.008797,0.01278,-0.001753,0.00948,0.014261,-0.00583,0.015523,-0.000679,-0.002039,-0.001022,0.000341,-0.022154,-0.002788,0.006641
61815,0.038415,-0.006231,-0.020376,-0.0052,0.03458,-0.010105,-0.038084,0.029796,-0.003964,0.06924,-0.015259,0.024188,0.004059,-0.003675,0.028403,-0.000717,-0.01005,-0.011965,-0.006239,0.012555,-0.013129,-0.038433,-0.020753,-0.016876,-0.006418,-0.019782,0.01112,-0.008554,-0.009449,-0.025716,0.024691,0.003739,0.014073,-0.026531,0.007547,0.009988,-0.036259,-0.06926,-0.003215,-0.000922,0.00738,-0.005495,-0.014733,0.00514,0.0,-0.033938,-0.002406,-0.00193,0.016916,0.011882,-0.043683,0.020138,-0.050072,0.024835,0.006429,0.00688,0.061493,-0.008736,-0.013915,-0.003293,0.027371,0.002297,0.026581
83862,0.033168,0.001876,-0.000624,0.008328,0.00702,-0.00205,-0.013972,0.001042,0.004996,0.02092,-0.006492,0.017358,0.003011,0.023414,-0.014275,0.000992,-0.009909,0.004604,0.001395,0.020096,-0.011898,-0.011054,0.007186,0.002774,-0.002964,-0.012289,-0.001003,0.006027,-0.005791,-0.043102,0.020838,-0.016907,0.015101,-0.009091,0.004587,0.006849,-0.017522,-0.025598,0.008829,-0.024973,0.007881,-0.001955,-0.025027,-0.000223,0.04242,0.001499,-0.005346,-0.009675,0.012592,0.0,-0.024657,0.009013,-0.012854,-0.00309,0.019482,-0.021498,0.008655,0.017162,-0.036124,-0.00202,-0.004722,0.016494,-0.008669
42200,0.012765,-0.001844,0.012114,-0.00781,0.012063,0.007172,0.014141,-0.000198,-0.007418,-0.003587,-0.008001,-0.022281,-0.034234,0.005984,0.00393,0.002751,-0.002743,0.005925,-0.010518,0.009354,0.009267,-0.017947,0.008075,0.018023,0.001346,-0.032775,-0.002352,-0.007286,-0.00259,-0.046532,0.010555,-0.012691,0.00091,-0.023298,-0.021876,0.017131,0.009357,-0.00197,0.00267,-0.019454,0.002244,0.012254,0.005005,-0.003359,0.023707,0.022137,0.014327,0.017409,0.008717,-0.006508,0.002148,-0.00225,-0.001826,0.004734,0.011887,0.013864,0.002714,-0.007391,0.001363,-0.010159,-0.006349,0.011607,0.014105
77496,0.013714,-0.004066,-0.00424,0.022631,0.01465,0.008815,-0.010848,-0.000838,0.001524,0.005556,-0.004163,-0.003648,-0.001754,0.006877,-0.002808,0.020852,0.000149,-0.025716,-0.028384,0.028032,0.043582,-0.006605,0.003546,0.024001,-0.009418,-0.00958,-0.017734,-0.008953,0.01897,-0.031028,0.023254,0.013114,0.031919,-0.011546,-0.01132,0.028515,-0.003829,0.008684,0.029567,-0.0305,-0.020573,0.014725,-0.03578,0.020435,0.049017,0.002963,0.011063,-0.001291,0.014359,0.00047,-0.000872,0.010805,0.011155,-0.013592,0.002929,-0.010354,-0.00436,-0.016302,-0.000685,-0.02419,-0.004565,0.023563,0.016404
92778,0.029898,-0.012605,0.015087,0.035061,0.016569,-0.020645,-0.002219,0.047072,-0.014867,0.006109,-0.001429,0.003934,0.0057,-0.007085,-0.031038,0.014359,0.032668,0.003866,0.032563,-0.005426,-0.019434,0.003477,-0.041927,0.00434,-0.009723,-0.014545,0.009225,-0.014991,-0.00631,-0.038102,0.019418,-0.002667,0.002674,-0.001143,-0.014874,0.019745,-0.02126,-0.011637,0.001177,0.01568,-0.008105,-0.003113,0.000781,-0.00429,0.045045,-0.017616,0.006868,0.003789,-0.005663,0.025057,0.007778,0.020581,-0.033489,0.013413,0.001838,0.028991,0.013195,-0.004576,0.009194,-0.033987,-0.010519,0.006232,0.03643
91063,0.029213,-0.002423,0.01839,-0.002726,0.017424,0.004365,-0.006687,0.017839,-0.012897,0.01474,-0.010565,0.015349,0.003615,-0.011788,-0.038436,0.008959,0.014344,-0.016835,0.006849,-0.00034,-0.016332,-0.002075,0.00208,-0.010723,0.003846,-0.009404,-0.001407,0.003521,0.026316,-0.037607,0.011368,-0.007025,0.009551,-0.003153,0.005272,0.013636,-0.006209,-0.017008,-0.009181,-0.006058,-0.00502,0.034955,0.010794,0.000344,0.011019,-0.007834,0.001716,0.003427,-0.007172,-0.004472,0.006911,0.024022,-0.008378,-0.003062,0.017406,0.02214,0.007877,0.002931,-0.012338,-0.029586,-0.016599,0.008267,0.020499
27991,-0.007324,-0.003689,-0.004337,-0.004887,0.010463,-0.007925,0.004154,-0.001697,0.012112,0.000525,0.005351,-0.016698,0.001486,-0.003073,-0.005209,0.009831,0.003175,0.003586,-0.000526,-0.007572,0.017352,-0.012491,-0.010736,0.011282,-0.006906,-0.001284,-0.012534,0.004231,0.023226,0.016786,-0.01381,0.002211,0.006618,0.002505,0.005517,-0.005694,0.004061,0.009229,-0.006679,-0.013137,-0.015618,-0.00969,0.009785,0.015866,-0.001677,0.026775,0.009919,-0.010936,-0.004197,-0.009047,0.001037,0.001865,0.008379,-0.004719,-0.001958,0.011463,0.00633,-0.009537,-0.006556,-0.003506,-0.022351,-0.007832,0.003734
85663,0.033786,0.003556,0.02067,0.012895,0.006528,0.006,-0.036348,0.013549,0.029375,0.015952,-0.01081,0.005424,-0.002301,0.081425,-0.003971,0.021556,0.010912,-0.01687,0.020868,0.003846,-0.000142,-0.016179,-0.011829,0.02365,-0.019181,-0.023846,-0.002085,-0.001493,-0.009567,-0.047695,0.007132,0.012432,-0.001632,-0.016581,-0.018048,0.021604,-0.034246,-0.031865,0.000422,-0.029863,0.007217,-0.005525,-0.044188,0.03406,0.065788,-0.016153,-0.005277,0.029305,0.011127,-0.010842,-0.005726,0.018346,-0.007352,-0.012452,0.052909,-0.011584,0.035398,-0.00673,-0.002002,-0.007638,0.015161,0.010722,0.005001
82581,0.01464,-0.005247,-0.001813,0.01321,0.022327,-0.017535,0.005841,-0.00242,-0.014715,0.01395,0.001781,-0.009048,-0.009783,0.012679,-0.001626,0.030293,0.014543,-0.005609,0.010185,-0.015201,0.008978,-0.025289,0.005285,0.007328,0.000791,0.054204,0.029981,0.008005,-0.005198,-0.028012,0.005077,-0.010845,0.00766,0.012372,0.008392,0.00584,-0.003339,-0.014419,-0.009605,-0.012981,-0.011791,-0.003671,-0.010287,0.01086,0.019184,0.017768,0.016719,0.015134,0.014048,0.005372,0.007171,-0.003351,-0.001541,0.001964,0.008681,0.000278,-0.015543,-0.014942,0.000572,-0.008581,-0.006203,0.003774,0.010846
75912,0.030158,0.000527,0.002105,-0.015965,0.005017,0.001168,-0.001803,0.011477,0.019857,0.015659,-0.006086,-0.006735,-0.011302,0.014237,0.019262,0.01347,0.010613,-0.108548,0.014863,-0.01291,-0.005715,-0.028076,-0.000682,0.006259,-0.00147,-0.021747,0.001274,-0.001735,0.014248,-0.041457,0.01823,0.018839,0.016998,-0.019311,-0.034431,0.017651,0.013946,-0.020227,0.007904,0.011236,-0.020486,0.009571,-0.016152,-0.038068,0.042048,0.020532,0.013374,0.018591,0.022645,-0.026991,-0.009624,-0.013147,-0.028035,0.006675,0.024746,0.016291,0.017394,-0.007152,-0.001688,-0.029763,0.013828,0.005272,0.023373
90829,0.022994,-0.003348,0.02999,0.005823,0.006948,0.00184,-0.018595,-0.004678,-0.007051,0.007811,0.006811,0.023093,0.017328,0.011654,-0.004209,-0.008454,-0.000449,-0.010774,0.024733,-0.005314,-0.003117,-0.033274,0.003927,0.017487,-0.009498,-0.052055,0.007707,-0.016491,0.011422,-0.019222,0.016414,0.017723,0.0198,-0.00655,-0.027784,0.019133,-0.022339,-0.015557,0.007407,-0.01348,-0.010435,0.019081,-0.008623,0.029076,0.050712,-0.022753,0.019991,-0.030897,-0.002141,0.003338,0.024477,0.047089,0.019052,0.011522,0.014829,-0.015883,0.008393,-0.001921,0.005987,0.009139,-0.014322,0.007265,-0.009122
88664,0.011532,0.010261,0.005713,-0.005891,0.001411,-0.004086,-0.001203,0.006091,0.007532,0.006917,-0.000416,-0.001527,-6.9e-05,-0.002294,0.006969,0.012941,0.003211,0.003133,0.005703,0.00324,0.002961,-0.056152,-0.013363,-0.008861,0.002544,-0.02117,-0.004444,-0.00372,0.006422,-0.013505,0.016999,-0.00281,0.009419,-0.002572,-0.000516,0.007444,-0.004682,-0.024843,0.001588,-0.011548,0.003665,0.005934,-0.007563,-0.003963,0.015073,0.00701,-0.001647,0.01507,0.011301,-0.000949,0.013159,-0.004474,-0.00116,-0.005225,0.001824,0.006189,0.003112,-0.009234,-0.003131,-0.009203,-0.009141,0.000967,-0.004608
88790,0.009024,-0.000813,0.010985,-0.022133,0.005761,0.002046,-0.013475,0.016142,-0.027699,-0.010892,-0.000847,-0.005511,-0.047315,0.00179,-0.003126,0.026882,-0.005236,-0.00614,0.027802,-0.007729,-0.021636,-0.011499,0.010291,0.026129,-0.00259,-0.034184,0.015233,-0.028244,-0.009991,-0.044037,0.034549,0.028757,-0.01578,0.001374,-0.041171,0.229485,-0.008537,0.033268,0.026136,0.001846,-0.032056,0.037686,-0.030814,0.064345,0.016714,0.007345,-0.000694,0.006254,0.012776,-0.021139,0.012888,0.011692,0.005778,0.569449,0.003015,-0.001718,0.001075,-0.007519,0.000649,-0.000433,-0.001948,0.002168,0.00238
17787,0.036743,-0.011015,0.018402,0.016167,0.021993,0.003663,-0.010949,0.007841,0.000458,0.018756,0.001796,0.012102,0.000443,0.000443,-0.021239,0.026221,-0.013216,-0.011161,0.009481,0.007156,0.007549,-0.012781,0.009375,0.00973,-0.010513,-0.013723,-0.012119,0.001363,0.00726,-0.065315,0.025542,0.006109,0.007006,-0.003711,-0.013035,0.016038,-0.007892,-0.018718,0.026228,0.001394,-0.010209,0.003751,-0.033162,0.013139,0.008646,-0.004762,0.000478,-0.001913,0.010062,0.012808,-0.005621,0.002826,-0.000939,-0.022567,0.0,0.003367,0.003356,-0.010511,-0.005794,-0.033997,0.000503,0.019096,0.030572
13983,-0.019131,-0.00266,-0.005333,0.00983,-0.00354,0.002664,-0.007086,-0.003568,0.000895,0.001789,-0.000893,-0.000894,0.006261,0.000889,-0.003552,0.0,-0.008913,-0.001799,0.014414,-0.035524,-0.003683,0.001848,0.0,0.059041,0.057491,0.009061,-0.054694,-0.000864,0.013829,0.0,0.033248,0.096535,-0.003762,0.019638,0.0,0.000741,-0.028868,-0.000762,-0.002288,-0.005352,-0.029977,-0.003962,-0.018298,0.019449,0.035771,0.012663,0.033665,0.00074,-0.00074,-0.008142,-0.003731,0.024719,-0.00731,0.002209,0.008817,-0.018937,0.001485,-0.030393,-0.006116,0.014615,-0.005307,0.002287,0.019011
87445,0.013502,0.002373,0.009968,0.004729,0.001228,0.0121,-0.008199,0.005946,0.0117,0.007523,0.003654,0.002295,-0.007225,0.003857,-0.008993,0.010233,-0.011871,-0.007969,0.00331,0.009495,-0.009565,-0.012676,-0.003994,0.019437,0.003733,0.00112,-0.001877,-0.007964,0.000847,-0.028256,-0.017173,0.008694,0.010586,-0.003561,0.004529,0.020061,-0.002433,-0.033617,0.008413,-0.013098,-0.004227,0.00573,-0.004853,0.001103,0.034271,0.026541,0.005187,-0.001469,0.006599,-0.007819,0.008159,0.005764,-0.000118,0.000471,0.010242,0.015615,0.023291,-0.010465,0.005741,-0.001164,-0.001579,0.007908,0.023239
71271,0.015235,-0.013945,0.010586,-0.002728,-0.001068,-0.001944,-0.011185,0.013988,0.007836,0.007438,0.002711,0.017478,-0.003517,0.014713,-0.007172,0.014729,-0.008239,0.002506,0.00784,-0.006324,0.012235,3e-05,-0.002436,0.011476,0.005265,-0.020351,0.016515,0.022335,-0.008786,-0.000922,0.004347,0.004091,0.01733,-0.013422,0.005986,0.00288,0.000918,-0.002869,0.001767,-0.020354,-0.000759,-0.008013,-0.004054,0.02284,0.007561,0.014058,-0.001428,-0.002109,-0.008686,-0.000336,0.003345,0.000291,0.005604,-0.005558,-0.012402,0.005881,0.00592,0.000277,-0.006961,-0.00283,-0.014427,0.005894,0.010339
62308,0.026968,-0.003446,0.009777,0.00062,0.008868,0.001641,-0.01451,0.009499,0.005058,0.016267,-0.008291,0.011379,-0.009644,0.02875,-0.018932,-0.002872,-0.005299,0.002316,0.005199,0.008161,-0.00057,-0.003993,0.002176,0.004571,0.000455,-0.015693,0.003581,0.003108,0.012623,-0.021985,0.011703,-0.006414,0.007378,0.0,0.010413,0.005889,-0.004166,-0.020237,0.006116,-0.010437,0.006143,-0.003686,-0.011331,0.015203,0.016358,0.000793,0.007135,-0.000675,-0.000788,-0.004279,0.000339,0.002035,0.006093,-0.009532,0.005322,-0.00214,0.008691,-0.014434,0.002952,-0.001019,-0.007592,0.00982,0.011533
44601,0.006106,-0.005278,0.001592,0.002825,0.003962,-0.00114,-0.011325,0.010123,0.005186,0.01714,-0.002407,0.00293,-0.02346,-0.002376,0.004587,0.018527,-0.044828,-0.021119,0.006638,0.003938,0.009488,-0.01925,0.010044,0.016513,-0.01795,-0.02367,-0.00571,-0.006402,0.006727,-0.023435,-0.00347,-0.003578,-0.002329,-0.010993,-0.017116,0.015713,-0.008769,-0.009046,0.015749,0.005333,0.007269,0.010728,0.004052,0.016529,0.02354,0.013372,0.011179,0.016312,0.003388,-0.002311,-0.003919,-0.006975,-0.005943,-0.002446,0.003814,0.008051,0.012654,-0.006824,-0.003212,0.001969,-0.014116,0.024286,0.023445
79210,0.01951,-0.008083,-0.004318,0.01413,0.003725,0.004329,-0.012727,0.013376,0.009233,0.008742,-0.000739,0.012504,-6.6e-05,0.006706,-0.002704,-0.00582,-0.007384,-0.006702,0.014844,0.004388,0.002912,-0.017623,0.004098,0.008297,-0.003584,-0.010456,-0.006529,-0.004149,0.013866,-0.028027,0.013447,0.008755,0.021832,0.004645,0.004821,0.002892,-0.005833,-0.016613,0.01086,-0.013197,0.002621,-0.005764,-0.00182,0.010942,0.003675,0.003927,0.000597,0.002253,-0.00238,0.000199,0.001126,0.004501,0.011069,-0.009058,0.006576,-0.001437,0.015964,-0.019062,-0.002823,-0.001778,-0.012795,0.032469,0.009642
42877,0.021325,-0.002223,0.0031,0.007147,0.003836,-0.0064,-0.009711,-0.006019,0.022661,0.018911,-0.011061,-0.049479,-0.017651,-0.013197,0.014505,-0.006388,0.005205,-0.016751,0.015178,-0.027563,-0.011819,-0.02826,0.031914,0.015665,0.007399,-0.007034,-0.007397,0.001259,-0.003564,-0.01599,0.022343,-0.000941,0.010572,-0.005489,0.015205,-0.017747,-0.029452,-0.020446,-0.019444,-0.039211,-0.010728,0.007779,-0.004211,0.001762,0.037519,-0.000226,-0.008251,-0.003989,0.014304,-0.008236,0.0091,0.015218,0.008772,-0.008586,-0.00211,-0.004228,0.015307,-0.021569,-0.017771,0.005496,0.00615,0.015167,0.019177
14641,0.003882,0.011016,-0.009737,-0.038979,-0.00475,0.000979,0.009903,0.008959,0.0066,-0.008225,0.00024,-0.01502,-0.015494,0.002478,0.020766,0.010899,-0.006229,0.018925,0.014669,0.020753,0.002627,-0.03429,-0.013212,0.03945,0.009891,-0.029154,0.010909,0.012532,0.015127,-0.052947,0.019073,0.013803,0.026884,-0.011685,-0.007276,0.009849,0.009413,-0.026402,0.015693,0.005681,-0.048803,0.006295,-0.005665,-0.069199,0.040933,0.025481,0.012185,0.054762,0.028085,-0.045603,0.004105,-0.000681,-0.013411,0.005069,0.005158,0.023945,0.031849,-0.001187,-0.013506,-0.038226,-0.016855,0.022588,0.008496
18421,0.007525,-0.012448,-0.005602,0.01493,0.026367,-0.003515,0.001086,-0.026023,0.013359,0.014831,0.000812,0.00622,0.026875,-0.00759,-0.017932,0.009667,-0.003989,0.005073,0.007173,0.02163,-0.005939,0.006234,-0.049045,0.004886,0.007834,-0.01635,0.00327,0.031233,0.002107,-0.014455,-0.000533,-0.00667,-0.024443,0.020375,-0.004073,0.013631,-0.013717,-0.004363,-0.001643,-0.007956,-0.023783,-0.013881,-0.002873,-0.026793,0.009177,-0.002053,-0.00823,-0.001778,0.001782,0.002667,0.025717,0.006916,0.000572,0.024028,0.000838,-0.002512,-0.010912,0.014993,-0.009476,-0.009848,0.00341,0.012461,0.021818
76082,-0.008812,0.00116,-0.01583,0.012946,0.013555,0.024838,0.011931,0.000368,-0.002947,0.008496,0.002198,0.002558,-0.014218,-0.033654,0.001531,0.000764,-0.003055,-0.00383,0.02499,-0.026257,-0.002696,-0.019699,-0.010638,0.010354,0.003942,0.001178,0.003137,0.014074,0.000771,-0.004622,0.021285,0.002281,-0.003414,-0.003807,0.010699,0.034027,-0.027422,-0.037218,0.003514,0.0,-0.016732,-0.003957,-0.005959,0.010791,0.007513,-0.007849,0.005934,0.000393,-0.049528,-0.007858,-0.011255,0.007589,-0.005439,0.009676,-0.005,0.007956,-0.019942,-0.006783,-0.008536,-0.011623,-0.014373,0.001326,0.013239
90386,0.019407,-0.011853,-0.005453,0.013158,0.007215,-0.002507,-0.014722,-0.002915,-0.013158,-0.007407,-0.006343,0.007886,0.002235,0.00632,0.003325,-0.01215,-0.019009,-0.010258,0.00499,-0.00191,-0.000765,-0.01149,-0.021697,0.014654,-0.013661,-0.079937,0.029247,-0.011701,0.010571,-0.041423,-0.004365,0.000438,0.014899,-0.015544,-0.014035,0.016459,-0.02232,-0.032229,-0.000925,-0.012963,0.003752,-0.006075,0.009403,0.026083,0.031321,-0.018486,0.009438,-0.013802,0.004515,0.006292,0.012059,0.007944,-0.021016,0.041145,0.033505,-0.024522,0.006817,-0.008887,0.000427,0.031157,-0.000828,0.010356,0.02624
17341,-0.002679,0.002403,-0.022141,-0.087395,-0.002212,0.005227,0.023161,0.053896,-0.010082,-0.016384,0.006002,-0.011635,-0.057803,0.004805,0.02439,0.018052,-0.006573,0.030312,-0.000299,0.018823,0.001613,-0.031328,-0.007556,0.026344,0.031157,-0.04518,0.018837,0.014939,0.071845,-0.074235,0.058158,0.041221,0.048521,0.001653,-0.027288,-0.007176,-0.002628,-0.032152,0.004221,0.006508,-0.041622,0.025861,-0.059734,-0.025208,0.075635,0.006809,-0.001656,0.043965,0.018673,-0.014171,0.017671,0.033044,-0.025715,-0.011974,0.016419,0.024103,-0.008763,-0.024501,-0.023045,-0.021733,0.006502,0.043069,-0.011097
13210,0.011766,-0.000935,0.023748,-0.032739,-0.005553,0.005465,-0.002068,0.013498,0.007652,0.006087,-0.007375,0.009984,-0.02431,0.009719,0.007642,0.025821,-0.003443,-0.002435,0.002498,0.003794,0.011847,-0.007471,-0.016515,0.012737,-0.002933,-0.036767,0.000763,-0.003697,0.007951,-0.041896,0.026407,0.01628,0.004911,-0.013731,-0.017874,0.021983,0.006347,-0.028149,0.005408,-0.002152,-0.001078,0.037597,-0.002601,-0.056319,0.032603,0.011773,0.015632,0.02274,0.002037,0.00192,0.00248,-0.00669,-0.012451,-0.010888,0.005098,0.000288,0.008471,-0.005257,-0.01304,-0.007683,0.002933,0.011346,0.000983
63467,0.009827,-0.004698,0.003034,0.006387,-0.000334,-0.001002,-0.006689,0.009091,0.01001,0.007929,0.005572,0.00163,-0.010413,0.005261,-0.001963,0.034743,-0.003484,0.001271,0.005714,-0.004104,0.006339,-0.013228,0.015321,0.016661,0.003711,-0.010474,-0.002809,-0.008764,0.016419,-0.024542,-0.001274,0.01148,0.008827,-0.009687,-0.006311,0.013338,0.003761,-0.006869,0.001258,-0.008163,0.001899,0.000316,-0.002843,0.01172,0.003757,0.01622,-0.001842,0.010763,-0.005476,-0.003059,0.007978,-0.004871,0.003977,-0.004266,0.001836,0.012828,0.007238,-0.01497,0.009726,-0.001505,-0.018993,0.018746,0.010558
14828,-0.007545,0.015711,0.009106,-0.004512,0.03657,0.006709,-0.000417,0.017679,-0.005264,0.003116,-0.017233,0.002386,-0.039212,0.02019,0.004735,0.008882,-0.015092,-0.002979,0.028786,0.010078,-0.012677,-0.008738,-0.007436,0.010996,0.022051,-0.02064,0.017075,-0.000704,-0.024789,-0.012468,0.013053,0.00578,0.019575,-0.013798,-0.027148,0.046631,0.028767,-0.003865,0.000685,-0.005873,-0.001204,-0.012288,-0.000814,-0.015826,0.036063,0.012325,-0.018432,0.009762,-0.018198,-0.017609,-0.00513,0.042138,-0.008985,0.031677,0.014518,-0.00307,-0.004015,0.008559,-0.031864,0.007748,-0.039001,0.053664,0.014686
90071,-0.016478,0.013882,-0.000472,-0.002362,-0.004025,-0.002852,0.005006,0.002372,0.003549,-0.003301,0.000473,-0.006148,-0.020224,-0.004371,-0.002683,0.011005,0.000242,-0.011125,0.000734,-0.000977,0.007828,-0.01506,-0.024168,-0.003285,-0.027637,0.007823,-0.043726,-0.007576,0.017176,-0.013401,-0.015485,-0.006898,-0.005279,-0.006145,0.009275,0.022,-0.00545,-0.026575,0.0,-0.014354,-0.021131,-0.015753,0.008892,0.00705,0.017503,0.007741,0.003698,-0.01559,-0.015261,0.010234,-0.001447,-0.002319,0.010459,-0.009776,0.006098,0.004329,0.006897,0.00371,0.000284,-0.001137,-0.040979,0.009792,0.032031
21186,0.037027,-0.020619,0.022336,-0.016072,0.018122,-0.008273,-0.016178,0.001799,0.000256,0.013846,-0.020486,-0.047767,-0.037419,-0.000282,0.008735,0.019553,0.009041,-0.005973,0.013658,-0.001617,0.035898,-0.010162,0.013951,0.01999,-0.022907,-0.002344,-0.0047,-0.01351,0.002153,-0.029815,0.029624,0.006722,-0.000534,-0.02031,-0.041189,0.022475,-0.020033,-0.015332,0.004614,-0.023536,-0.011464,-0.013976,-0.016888,0.019632,0.070999,0.007865,0.02146,-0.006276,0.000275,0.002196,-0.005752,0.023692,-0.029871,-0.01914,0.017534,-0.003613,0.018131,0.006027,-0.041939,-0.015065,0.002597,0.029073,0.02014
82307,0.011604,-0.005827,0.012271,-0.002895,0.015242,-0.01269,-0.002353,0.014335,-0.022719,-0.001647,0.011551,0.002719,-0.077187,0.023115,-0.021635,0.037769,0.018857,-0.002591,0.031917,0.009711,-0.016207,0.006517,0.016367,0.008494,0.014038,-0.020592,-0.085512,0.011978,-0.005155,-0.017847,0.001172,-0.019906,-0.004381,-0.0154,-0.007313,0.014938,-0.007056,-0.022335,-0.012253,-0.013457,-0.053922,0.005632,-0.02733,0.043298,0.037528,-0.008085,-0.001287,0.02427,0.006291,0.005001,-0.00311,0.019759,-0.003059,0.00757,0.009949,0.03076,0.022235,0.012975,0.006027,0.016102,0.010503,0.010394,0.01534
14983,0.003705,0.002617,0.044514,-0.006473,-0.016319,-0.016918,-0.028615,0.008995,0.003947,-0.001966,0.005434,0.010133,-0.025279,-0.003705,0.018249,0.021845,0.006354,0.011181,0.004813,0.045634,0.003776,0.008511,-0.070752,-0.020663,0.020159,-0.03873,0.020077,-0.006583,-0.017716,-0.051559,0.029177,0.017066,0.028013,0.014434,0.015559,-0.003012,-0.007092,-0.054894,0.002099,0.010684,-0.021903,0.020769,-0.003391,-0.017221,0.023246,0.062629,-0.003899,0.006458,0.006741,0.012748,0.010235,0.01762,-0.021644,0.001707,-0.013566,0.039276,-0.055703,0.002281,-0.008844,-0.052556,0.009765,0.012619,-0.011175
12623,0.02529,-0.007626,-0.010436,0.00417,0.0158,0.00672,-0.006302,-0.003053,0.024973,0.008045,-0.000502,0.008578,-0.004976,0.004319,-0.008194,0.030033,-0.001462,-0.008964,-0.007971,-0.002708,0.007423,0.002516,-0.069508,0.021192,-0.006556,-0.009922,-0.007816,0.002223,0.005594,-0.015633,0.002241,-0.003548,0.018146,-0.008288,0.014251,0.009669,-0.009246,-0.023045,0.005971,-0.004622,-0.000978,0.0023,0.001269,0.013212,0.015734,0.022312,-0.005282,0.016444,-0.015903,-0.025427,0.00798,0.018868,-0.000605,0.005633,0.01463,0.011955,0.013437,-0.008276,-0.001122,0.003728,-0.000805,0.002866,0.003572
17929,-0.000541,-0.073479,0.018901,0.004016,0.010095,-0.000189,0.001509,-0.004331,0.000189,0.005862,-0.002256,-0.005465,-0.008336,0.003248,0.003809,0.008917,0.011094,-0.000558,0.000744,-0.00502,0.018688,-0.008072,-0.002589,0.014463,0.00457,-0.018923,-0.01391,0.015798,0.018515,-0.012361,-0.003681,-0.004619,0.006496,-0.005716,-0.012982,0.004697,0.00187,-0.020907,0.015062,-0.007513,-0.025549,-0.005438,0.007811,0.014338,0.003629,0.011801,0.009782,0.000559,-0.019549,-0.003038,0.008952,0.000944,0.006259,-0.007729,-0.005129,0.008402,0.005302,0.014315,-0.008356,0.011423,-0.029809,0.007824,0.011362
29938,0.024233,-0.020416,-0.001363,0.007217,0.005422,0.003852,-0.004029,0.002119,0.002691,0.001534,0.015888,-0.023365,0.005981,0.001918,-0.003254,-0.004609,0.000386,-0.002507,0.012374,-0.006112,0.004996,-0.014532,-0.006015,0.003514,-0.005057,-0.000587,0.005086,-0.009731,-0.003341,-0.019128,0.018898,0.000592,0.016762,-0.00194,-0.009328,0.009023,0.007387,-0.012736,-0.009382,-0.007103,-0.01252,0.004629,-0.014223,0.007722,0.021174,0.046722,0.039553,0.016749,0.001074,0.003041,0.008024,0.014329,-0.03924,-0.020693,-0.011678,0.011816,0.010195,0.002202,-0.003479,-0.00147,0.002392,0.006424,0.0031
13046,0.032864,0.022699,0.015999,-0.009211,0.018845,6.2e-05,-0.009926,0.014883,0.006627,0.010423,0.012909,0.01882,-0.027708,0.008537,0.014724,0.001762,-0.012726,-0.009266,-0.004796,0.020664,0.00608,-0.004165,-0.004006,0.012422,-0.003739,-0.039702,0.012641,-0.056688,-0.108874,-0.06055,-0.016189,0.011488,0.00729,-0.022322,-0.017958,0.004691,0.016934,-0.025912,0.01358,-0.030974,0.005124,0.00178,-0.028191,-0.003158,0.026099,0.023972,-0.000635,0.02287,0.009782,0.004075,0.016539,-0.005574,-0.028632,0.007096,0.025474,-0.009589,0.032325,-0.051621,-0.004127,7.8e-05,0.004652,0.021129,0.00221
12366,0.010148,-0.013281,0.004487,-0.003608,0.010345,-0.004437,-0.016455,0.002091,0.013565,0.004976,-0.004098,-0.013715,-0.011298,0.001055,0.009484,0.020355,0.001535,0.0,0.004256,-0.00695,0.01212,-0.010794,0.012958,0.008248,0.011686,-0.017162,-0.002686,0.014478,0.016263,-0.023188,0.004848,0.009483,0.009394,-0.001143,-0.001798,0.010971,0.006155,-0.00322,0.007106,0.007697,0.005411,-0.006806,0.006693,-0.002058,0.019511,0.011203,0.008771,0.007474,-0.00212,-0.014565,0.00662,-0.005047,0.005554,0.001534,-0.001226,0.004908,0.005342,0.003492,0.000151,0.000151,-0.011797,0.013162,0.000151
16431,-0.012944,0.005272,-0.017079,-0.037898,0.018629,0.017311,0.000686,-0.007131,-0.010635,-0.007259,0.001266,-0.021629,-0.014786,-0.014717,0.018929,0.008418,-0.002735,-0.001299,0.007081,-0.016358,0.021882,0.000714,-0.050357,0.010999,0.005961,0.011111,0.000733,0.004832,-0.017194,-0.013491,0.007214,0.000746,-0.002833,0.011214,-0.001331,-0.032277,-0.02601,-0.009111,-0.01506,-0.021568,-0.014147,0.002002,-0.013322,0.016709,0.016434,0.018292,0.000642,-0.02244,0.00705,0.008141,-0.008882,-0.002607,0.008169,-0.030141,-0.014703,0.039851,0.000326,-0.008151,-0.001315,0.029296,0.007355,-0.020635,0.026904
88661,0.027701,-0.004492,0.019555,0.016524,-0.005806,-0.012847,-0.007394,-0.00447,-0.015265,-0.010031,-0.00829,-0.001238,0.00124,0.00774,-0.056836,0.00456,0.022374,-0.023153,0.027597,0.021485,-0.001856,-0.038736,0.011928,-0.006053,0.010256,-0.025381,0.000977,0.084878,-0.033273,-0.062946,0.018531,0.009747,0.008366,-0.017869,-0.001949,0.021484,-0.016571,-0.020415,-0.017202,-0.010434,-0.013605,-0.022069,0.007052,0.009104,0.042679,0.003993,-0.007375,0.021614,-0.009256,-0.008342,-0.029946,0.038502,-0.01336,0.004062,0.021915,0.005609,0.013123,0.014573,0.002234,-0.038217,0.019205,0.008447,0.022229
62498,0.014338,-0.004563,0.004763,0.000537,0.009029,0.002303,-0.001591,0.014166,-0.000175,0.010827,0.009761,-0.024465,-0.019756,-0.001075,0.005739,0.027104,8.7e-05,0.061193,0.011615,-0.011077,0.0121,-0.02585,0.010366,0.00829,-0.00057,-0.01124,-0.007908,8.3e-05,-0.000332,-0.023752,-0.010464,0.000688,0.006615,-0.006486,0.008848,0.009281,-0.002784,-0.018105,0.001982,-0.005417,-0.002507,0.004074,-0.010704,0.000873,0.01395,0.009802,0.00545,0.010417,0.005448,0.006085,0.012429,-0.002373,-0.010008,-0.000166,0.005719,0.003956,0.003201,-0.001473,0.001229,0.003274,-0.007097,0.015281,0.012704
60687,0.007899,-0.010106,0.0025,0.002182,0.001763,0.001553,-0.009095,0.009804,0.009709,0.007263,-0.000816,0.016532,-0.002811,0.006745,-0.0028,0.01414,0.00178,-0.001283,0.006424,0.009624,0.007003,-0.00454,-0.005531,0.009952,0.006859,-0.017271,-0.004003,-0.001078,0.012071,-0.027732,0.005186,-0.000101,0.005238,-0.008016,0.003131,0.00866,0.003294,-0.011841,0.004431,-0.012531,0.005787,-0.004138,-0.004663,0.015479,0.017449,0.003351,-0.002652,-0.006402,-0.000496,0.002281,0.008015,0.023265,0.001823,-0.009097,-0.001353,0.002419,0.002993,-0.008662,-0.004369,-0.001073,-0.014057,0.011089,0.003427
60206,0.017506,-0.001507,0.00044,0.013263,6.2e-05,-0.007258,-0.017496,-0.021877,0.009493,0.004573,0.002757,0.002622,0.006568,0.064813,0.002023,0.016626,-0.007476,-0.010416,0.009574,-0.004359,-0.004437,-0.009151,0.015953,0.012161,-0.005482,-0.011436,-0.004093,-0.001072,0.003459,-0.046827,0.011471,0.007458,0.012053,-0.013783,-0.038433,0.019305,0.00302,-0.013111,0.006229,-0.020025,0.009476,0.003001,-0.007322,0.00186,0.022982,0.011327,0.003651,0.00148,0.003571,-0.003251,-0.003139,0.019694,-0.006539,-0.01487,0.026291,-0.005063,0.017751,-0.036728,0.004758,0.008549,-0.002744,-0.000306,0.013213
86979,0.027578,-0.002574,0.004055,-0.011747,0.004086,0.011469,-0.005486,0.011033,0.000728,0.010542,-0.007194,0.011957,-0.001432,0.004303,-0.00357,0.016123,0.012694,-0.02124,-0.03095,0.025698,-0.006084,0.00072,0.002879,-0.007894,-0.01519,-0.020198,-0.000375,-0.008999,-0.000757,-0.03635,0.001572,0.008631,0.005834,-0.026295,0.008737,0.026378,-0.008055,-0.027456,0.00159,-0.008337,0.001201,0.009996,-0.018211,0.010971,0.040193,0.023184,0.004532,0.005263,0.004488,0.002606,0.000743,-0.001484,-0.010034,-0.001501,0.009774,-0.000372,0.003352,-0.004826,-0.007087,-0.01127,0.016717,0.003363,-0.008194
84606,0.016551,-0.024974,0.004599,-0.006691,0.012196,0.005324,0.00216,-0.005215,-0.001328,0.012668,0.01403,0.000613,0.014645,-0.010338,0.000475,0.003254,-6.8e-05,-0.006353,0.001496,0.001426,0.016548,-0.000934,-0.010618,0.016941,0.008562,-0.010727,0.003925,-0.000994,0.004577,-0.030767,0.010695,0.00984,0.024561,-0.001498,-0.00809,0.022494,0.018847,-0.014205,0.01441,-0.00221,-0.013478,0.003656,-0.009202,-0.005676,0.011482,0.027897,-0.005615,0.008094,0.003672,0.000558,0.010102,-0.017548,-0.008056,0.0051,-0.016788,0.033703,0.006595,-0.011205,0.005202,-0.006776,-0.006264,0.022532,0.026918
12476,0.019976,-0.003068,-0.039763,-0.007641,0.013165,-0.011277,-0.00843,-0.017254,0.00229,0.018279,-0.00374,-0.008759,-0.006059,-0.000762,0.041434,-0.001465,-0.005622,-0.011062,0.009694,0.023141,-0.012031,-0.006974,-0.013293,0.013472,0.002007,0.021277,-0.033333,-0.022566,0.048768,0.000247,0.019783,0.016974,0.00763,-0.00213,-0.021816,0.022303,-0.01162,-0.037668,0.008726,-0.026446,-0.007108,-0.00179,-0.014857,0.025481,0.033722,-0.03483,-0.007116,-0.013565,-0.001816,0.00026,-0.039241,0.023533,-0.033034,0.003826,0.023414,-0.001862,0.027719,0.004149,-0.033833,-0.003742,0.026831,0.001568,0.024263
11533,0.004197,0.010338,0.003774,-0.02169,0.006208,0.011531,0.001234,0.001885,0.010966,-0.000823,-0.003153,0.018546,-0.028053,7.3e-05,0.017389,0.012489,-0.002643,-0.008834,0.011337,-0.013642,-0.000214,-0.031635,0.005906,0.02844,0.015058,-0.01951,0.015058,0.014446,0.000418,-0.049629,0.034021,0.017495,0.024191,-0.008156,-0.005791,0.011339,0.011791,-0.008723,0.004791,0.011531,-0.010898,0.005678,-0.005579,-0.028185,0.034184,0.015502,0.033676,0.003139,0.006674,-0.016908,0.005066,0.00061,-0.017551,-0.000816,0.000523,-0.00147,0.000851,-0.00438,-0.012608,-0.019452,0.010139,0.014167,0.039457
77660,0.011019,-0.002517,-0.001448,-0.013975,-0.001337,0.014058,-0.019431,0.017998,-0.018385,0.030722,-0.005186,0.016908,0.014538,-0.001231,0.001148,0.037642,-0.003642,0.013533,0.015236,-0.006266,-0.003454,-0.002721,-0.002647,0.007983,-0.001005,-0.018471,-0.002808,0.006784,-0.006881,-0.026523,-0.012165,-0.012165,0.031665,-0.010846,-0.000806,0.012778,-0.014692,-0.014379,0.020891,-0.022218,0.008778,-0.007608,-0.014362,0.026293,0.030936,-0.009754,0.007236,0.020742,-0.005045,-0.008689,0.006764,0.003134,-0.006351,0.003802,-0.022644,-0.000209,0.013095,-0.00424,-0.015369,-0.009387,0.012712,-0.003448,0.020825
76661,0.001725,0.005288,0.038537,-0.032277,0.034571,0.013531,-0.028094,0.022695,-0.021724,0.010148,-0.008628,-0.007153,-0.127402,0.004403,-0.004795,0.032489,-0.022267,0.007228,0.011779,-0.004684,-0.000672,-0.010225,-0.018486,0.017311,-0.009801,-0.070388,0.015232,-0.018791,0.028504,-0.039405,0.002855,-0.002847,0.018482,-0.005606,0.00089,0.026386,-0.009821,-0.020712,-0.036044,0.004944,-0.009533,0.004657,0.013597,-0.010518,0.010168,0.010676,-0.04195,0.002993,0.003455,-0.008451,0.017046,-0.00869,-0.028021,0.042519,0.002626,0.005239,-0.004905,-0.009088,-0.007617,0.009712,-0.013497,0.017298,-0.006493
25419,0.01189,0.000892,-0.013523,0.012804,0.012196,0.012931,-0.022412,0.016694,0.019631,0.001145,-0.025093,0.007186,-0.003422,0.015926,0.002157,0.00409,-0.005145,-0.029955,0.014959,0.010944,0.001877,0.006771,0.018246,0.001054,-0.017409,-0.015931,-0.00559,-0.022996,0.003661,-0.046456,0.007808,0.012395,0.003367,-0.009929,0.006919,0.023008,-0.011321,-0.037786,-0.009203,-0.019137,-0.017959,-0.004239,-0.040988,0.021153,0.072458,-0.001749,0.020543,0.004447,0.011651,0.000537,-0.001074,0.03772,0.004442,0.017541,0.027017,0.00134,-0.005212,0.003044,-0.011082,-0.017844,0.015552,0.018391,0.000351
16917,-0.002202,-0.005885,0.00259,-0.001845,0.002218,-0.001476,0.001847,0.00719,-0.002929,0.003305,0.001281,0.00402,-0.005278,0.004026,0.003645,0.013619,-0.003583,0.004315,0.014322,-0.009178,0.004988,-0.033499,0.011553,-0.003626,0.000546,-0.011093,0.003126,-0.004216,0.00718,-0.012064,0.002035,0.017725,0.015421,0.007504,-0.010995,0.019724,0.014946,-0.02131,0.00354,0.007938,0.0,-0.006825,-0.001057,0.008467,0.036208,0.004389,0.005546,0.016547,0.014962,-0.018306,-0.008251,-0.005158,-0.003178,0.009732,0.001329,0.00531,0.013536,-0.007655,-0.004595,-0.004782,-0.001491,0.0,-0.001991
87541,0.033407,-0.0111,0.011717,-0.013917,0.008685,-0.005284,-0.008164,0.006546,0.000197,0.017929,-0.017614,-0.035169,-0.026343,0.011011,0.012758,0.009013,0.002944,-0.008805,0.012865,-0.002923,0.002528,-0.016942,0.014977,0.016778,-0.006561,-0.008605,-0.006359,-0.00518,-0.000408,-0.01665,0.009453,-0.001544,0.002783,-0.004728,-0.045952,0.023704,-0.026327,-0.021284,0.009764,-0.014614,-0.00959,0.006305,-0.003356,0.019196,0.030951,0.010043,0.01301,-0.000731,-0.010449,0.00792,0.001048,0.015803,-0.009868,-0.020143,0.017024,-0.00558,0.001482,0.007717,-0.032519,0.002385,-0.000541,0.016883,0.014474
90569,0.021303,0.004488,0.005534,-0.005352,0.004264,0.008442,-0.005514,0.001915,0.0082,0.010828,0.003949,-0.005556,-0.005785,0.006266,0.012998,0.018442,-0.002587,-0.004659,0.001689,0.008623,0.004394,-0.011079,-0.017935,0.01885,0.001778,-0.031709,0.006936,0.003247,0.012555,-0.041943,0.01001,-0.001151,0.015935,-0.004094,-0.002476,0.016831,-0.00791,-0.037651,0.010433,-0.008098,-0.01888,0.000364,-0.017677,-0.015772,0.027318,0.000523,0.013498,0.023797,0.004286,0.003866,0.003251,0.012263,-0.001921,0.000296,0.016574,0.006793,-0.004048,-0.001597,-0.013765,-0.023147,0.006339,0.018897,0.021049
84588,0.005983,0.009561,0.004214,-0.028111,0.018989,-0.006925,-0.003625,-0.004973,0.006942,-0.002298,0.00304,-0.013915,-0.016719,-0.007862,0.01098,0.005336,0.01395,0.004354,0.018542,0.018249,0.017744,0.004981,-0.001044,0.008226,-0.017786,-0.009669,0.003506,-0.000663,-0.00385,-0.029633,0.006272,0.00364,0.012376,-0.015135,-0.018323,0.011579,-0.010897,-0.021386,0.01419,0.014039,-0.011407,0.001908,-0.001114,-0.008926,0.023078,0.000734,-0.000733,0.087204,-0.006747,-0.01452,0.016932,-0.01271,0.012616,0.003263,-0.000422,-0.004183,-0.00976,-0.012084,-0.011495,-0.011672,-0.017407,0.009655,0.006676
89781,0.019301,-0.013891,0.01668,0.001448,0.014317,0.000882,-0.012814,-0.002473,-0.025544,-0.085777,0.020017,-0.074936,-0.044394,0.034371,0.004475,0.022521,-0.001856,0.004445,0.033958,0.001868,0.006991,-0.021831,-0.000394,0.011913,0.013566,-0.022769,0.019049,-0.008342,0.005842,-0.020057,0.01462,0.009424,0.001157,-0.000462,0.00054,0.035758,-0.003869,-0.048028,0.036799,-0.001059,-0.006667,0.027837,0.055576,0.020174,0.051195,0.005113,0.012652,-0.009982,-0.007676,-0.003212,-0.027292,0.001149,-0.021272,0.011454,-0.005048,0.003565,0.000478,0.029773,-0.023011,-0.013439,-0.052013,0.025764,0.012735
90312,0.028441,0.011463,0.013458,0.041655,0.021739,-0.004597,-0.015174,0.003885,-0.003603,0.023306,0.015183,-0.008381,-0.014953,-0.00726,-0.005584,0.010295,-0.024352,-0.026316,0.007523,-0.011339,-0.024476,-0.027814,-0.090695,0.029841,-0.02378,-0.022262,-0.00726,0.005484,0.008264,-0.043607,0.025369,0.023404,0.031036,-0.013783,0.011727,0.027945,-0.029039,-0.029749,-0.007706,-0.001983,-0.003824,-0.016522,-0.02783,0.039099,0.067361,-0.001416,-0.004098,0.004431,-0.006302,-0.008403,-0.007036,0.030757,-0.003906,-0.007685,0.018018,-0.026704,0.026161,0.033111,-0.00647,0.001363,0.021022,0.023996,0.004774
77610,0.036048,0.009093,0.034481,-0.011312,0.00312,0.010003,-0.007488,0.016185,0.005149,0.016084,0.012136,0.001158,-0.015043,-0.007401,-0.004142,0.022284,-0.004185,-0.046524,0.029631,-0.058093,0.007512,-0.014223,-0.00464,0.087676,0.029237,-0.023901,-0.013266,-0.005686,-0.019477,-0.04556,0.039906,0.021727,-0.022583,-0.006741,-0.024557,0.030046,-0.015168,-0.062356,-0.000732,-0.013909,0.000607,0.007419,-0.01627,-0.011366,0.037175,0.013673,0.025471,0.032884,0.070784,-0.006004,0.001917,0.00858,-0.008857,0.006557,0.064737,0.001462,0.004974,-0.009737,0.007714,-0.041132,0.026087,0.030026,0.000372
52898,-0.00933,0.005817,0.002203,-0.001649,0.011836,-0.012242,0.005508,0.004109,0.003001,0.000272,-0.008157,-0.019189,-0.026831,0.066916,0.010498,0.007991,0.011628,-0.000522,0.009932,-0.01087,0.021978,-0.011521,-0.005698,-0.007815,-0.007614,0.002116,-0.014784,0.01045,0.024927,0.019146,-0.01244,0.001028,0.005624,0.009502,-0.000254,0.002799,0.007866,-0.006546,0.004562,-0.008325,-0.011448,-0.000257,0.017761,0.012645,-0.005495,0.020342,0.006153,-0.000978,-0.005142,-0.001231,0.013307,-0.007782,0.019118,-0.008177,-0.000728,0.008978,0.001683,0.007203,-0.001907,-0.011942,-0.022238,-0.001236,0.02401
81696,0.045756,0.002414,-0.00873,0.026723,0.026324,-0.020461,-0.007649,0.02609,0.003178,-0.012097,-0.002041,-0.003214,0.016706,0.005765,-0.032674,-0.002667,0.014557,-0.008492,0.027466,0.018396,-0.00875,-0.012813,-0.030862,0.044048,-0.010547,-0.003457,0.009829,-0.004581,0.019845,-0.040045,0.009694,0.01513,0.005159,0.007414,-0.059157,0.052948,-0.003714,-0.017494,-0.001167,0.027469,-0.008248,-0.003155,0.038838,-0.016062,0.020265,-0.009104,0.007238,0.025428,0.006739,-0.002945,0.007787,0.009592,-0.009237,0.038626,0.002821,-0.004859,0.004626,-0.002047,-0.010766,-0.02099,-0.007147,0.017595,0.006288
14329,0.014552,-0.004003,0.007033,-0.007316,0.023451,0.016367,-0.032206,0.012646,0.017746,0.008395,-0.006724,0.0,0.008059,0.012152,-0.012322,-0.004798,0.008357,-0.01817,0.007792,0.002899,-0.001606,-0.008044,-0.003568,0.014974,0.004169,-0.056851,0.032509,0.028206,-0.000957,-0.003831,0.011538,0.013308,-0.010041,0.002853,0.001896,0.01735,-0.013333,-0.01917,0.011214,0.005387,0.031831,0.065669,-0.002866,-0.008336,0.022029,0.004821,-0.007056,0.010802,-0.023341,0.009502,-0.003708,-0.011738,-0.001448,0.005222,0.006061,0.0,-0.001147,-0.006318,-0.008381,0.0,-0.007869,0.032902,0.025597
16309,0.041324,0.003444,0.001789,-0.044448,-0.007475,0.004987,-0.01357,0.025973,0.002401,0.000699,0.008279,0.005441,-0.021992,-0.000251,0.06184,-0.001422,-0.013952,0.033495,0.002282,0.04948,-0.019523,-0.001174,0.01781,0.030201,-0.027462,-0.035197,0.020492,-0.144928,-0.033751,-0.036783,0.048088,0.078916,0.010806,-0.019897,0.000757,0.00434,-0.000653,-0.01815,0.003124,0.031598,-0.003167,0.002184,-0.015256,-0.006992,0.129116,0.042125,0.021352,0.032791,0.019752,-0.002081,-0.028714,0.019323,-0.007858,0.012942,-0.011809,0.024961,-0.000836,-0.038831,-0.029212,-0.031627,-0.004099,0.024342,-0.015857
18267,0.029647,0.0139,0.005223,-0.020296,0.030825,0.004662,-0.012162,0.025271,0.009006,-0.005481,0.005826,-0.017063,-0.000637,0.001594,0.006364,0.027668,0.019231,0.011321,-0.024478,0.002907,0.028375,0.017356,-0.006416,0.008218,-0.007424,-0.010266,-0.005779,-0.000149,0.001043,-0.046456,0.032948,0.026455,0.027982,-0.005301,-0.020596,0.024265,-0.009332,-0.047826,0.006393,0.004386,-0.003162,0.003172,-0.103298,-0.061965,0.032581,-0.055132,-0.023303,0.020101,-0.001842,0.002583,-0.024108,0.015086,-0.046628,-0.013445,0.017381,0.03708,0.018532,-0.007719,-0.01278,-0.018574,0.017587,-0.019162,-0.027006
13739,-0.010699,0.005805,0.010911,-0.002033,0.006505,-0.005528,-0.001957,0.006197,-0.000468,0.002496,-0.003579,-0.006872,-0.008099,-0.005311,0.001833,0.018773,-0.003592,-0.000862,0.005098,0.003824,-0.003809,0.009988,0.007572,-0.00092,0.001382,-0.003909,0.002539,0.005833,0.009309,-0.028805,0.02024,0.006409,0.017513,-0.000149,-0.012147,0.006865,0.003072,0.004706,0.011598,0.001249,-0.006459,0.004876,0.007646,-0.003575,0.006736,0.007128,0.005705,0.006032,-0.002427,-0.010232,0.007663,0.004376,0.0,-0.001286,-0.002146,0.012041,0.035411,0.013954,0.010793,-0.006807,0.000941,0.006982,0.0058
54148,-0.002504,-0.004303,0.0,0.029528,0.012242,-0.003801,-0.009018,0.012251,0.016943,-0.00068,0.003743,0.008814,0.009409,0.011651,-0.005594,0.037393,0.016268,-0.005964,-0.006631,-0.004132,0.004149,-0.005404,0.013103,0.002524,-0.001259,-0.008507,-0.012393,0.014479,0.000317,-0.008878,0.025912,-0.004365,0.012528,0.00464,-0.019089,0.012869,-0.004648,-0.016501,0.016777,-0.013699,-0.013258,0.008637,-0.016809,0.022258,0.007889,0.003757,-0.007798,0.029551,-0.000611,-0.007027,-0.010462,0.013993,0.010769,-0.005784,0.007348,-0.020973,0.016144,-0.025359,0.007837,-0.02395,-0.007011,0.012516,0.002219
86964,0.02893,0.023844,0.008408,-0.004259,0.008012,0.003287,-0.013224,0.015031,-0.005114,-0.001674,-0.002395,-0.002941,-0.010053,-0.006385,0.002142,0.001221,0.00183,-0.010837,-0.016003,-0.004816,-0.013828,-0.029573,0.000394,0.013458,-0.009328,-0.008239,-0.013516,-0.018647,0.011851,-0.034462,-0.010317,0.007185,-0.002658,-0.016759,-0.004992,0.013331,-0.007568,-0.02074,-0.003348,-0.002191,0.005782,-0.010187,-0.029038,0.017187,0.017715,0.009654,0.004201,0.012984,0.015524,-0.004488,0.005424,0.016744,-0.056501,0.01373,0.015849,0.003049,0.00601,0.01012,-0.003966,-0.014948,0.011417,0.002945,0.018036
53065,0.007615,-0.00803,0.003333,0.008068,0.013654,-0.000464,0.001859,0.002319,0.012032,-0.003658,0.006884,0.016408,0.009417,0.006219,-0.008389,0.00089,0.002669,-0.011535,0.052514,0.002132,-0.021277,0.003478,-0.009099,0.00962,0.008662,-0.021898,0.022827,-0.015451,0.006103,-0.031629,0.00179,0.008486,-0.004872,0.00267,-0.01376,0.018452,-0.000884,-0.015922,-0.006742,-0.005882,-0.012289,-0.006913,-0.004408,0.011781,0.007918,0.002311,0.007838,0.004117,-0.028702,0.014071,0.011563,0.01829,-0.008981,-0.004531,0.011379,0.010351,0.001336,-0.001334,0.006682,-0.010177,-0.009835,-0.004063,0.024025
79545,0.054934,0.004689,0.022599,0.017776,-0.005192,0.011151,-0.018771,0.022956,-0.000234,0.034136,-0.007913,-0.000228,-0.008434,0.011494,-0.006591,-0.00183,-0.001834,-0.045465,0.022853,-0.011289,-0.006422,-0.017237,-0.005116,0.011019,-0.01332,-0.02381,-0.009555,-0.020564,-0.002592,-0.048597,-0.001912,0.012315,-0.009192,-0.010641,-0.008825,0.024207,-0.04075,0.004531,0.004793,0.022447,-0.009605,0.019119,-0.030723,0.043405,0.035656,0.01252,0.003349,0.021053,0.014081,0.014629,-0.008309,0.013061,-0.003892,0.001954,0.01048,-0.000482,0.018823,-0.004974,-0.007379,-0.005036,0.00241,0.012984,-0.00356
93101,0.038907,0.006383,0.037987,0.016024,0.002874,0.017392,-0.004454,0.020066,0.000129,0.01754,-0.009443,-0.00128,0.008776,0.002286,-0.018121,0.000645,-0.012575,-0.042124,-0.012886,-0.010292,-0.002024,-0.003147,0.016065,0.009666,-0.017642,-0.01601,-0.004103,-0.014207,0.011169,-0.039977,0.012693,-0.000806,-0.015405,-0.001192,-0.020886,0.002819,-0.029325,-0.01354,-0.001507,0.032896,-0.015309,-0.013672,-0.057188,0.035705,0.066596,0.012701,-0.007435,0.014305,0.014254,0.010577,-0.006807,0.001474,-0.016188,-0.000972,0.015497,0.001106,0.013403,0.00109,0.002395,-0.000362,0.009055,0.0084,-0.008472
17685,0.005787,0.030303,0.007818,-0.014777,0.009374,-0.000557,-0.004274,0.043486,-0.010016,-0.001807,0.003077,-0.003789,-0.036769,-0.007334,0.025384,0.020506,0.010862,0.020953,0.004385,0.006986,-0.01717,-0.014999,-0.016661,0.028603,-0.010096,-0.047594,0.006763,-0.001679,-0.008411,-0.049576,0.042047,0.021507,0.019937,-0.021008,-0.007837,0.029904,0.000365,-0.02866,0.016726,0.006839,-0.001652,0.020228,0.010454,-0.097931,0.046866,0.007178,0.026632,-0.120205,0.003115,-0.008487,0.003758,0.00416,0.051781,0.038795,0.014408,-0.007849,0.033528,-0.037179,-0.03445,-0.023133,-0.006823,0.023439,-0.018559
84032,0.022523,-0.002937,0.003682,0.004402,0.029949,0.004255,-0.01024,0.023189,0.022664,-0.083873,0.024563,-0.012713,0.002575,-0.010275,0.02855,0.005768,-0.050538,-0.001887,0.036309,0.012774,-0.058018,-0.046672,0.001204,0.018437,0.011413,-0.013619,-0.020907,0.011684,-0.008363,-0.046988,0.027392,0.013536,0.001619,-0.032323,0.007516,-0.001243,-0.040249,-0.044099,0.012664,-0.021885,-0.010959,-0.027239,-0.010441,0.017746,0.004713,-0.034709,0.009232,0.003852,0.006235,0.015253,-0.035681,0.011198,-0.034749,0.017,0.014749,0.008236,0.043729,-0.018416,-0.002345,-0.00141,0.016008,-0.006951,0.037331
91461,0.010287,0.01447,0.007396,-0.002622,0.019453,0.004642,-0.005133,-0.000516,-0.010325,-0.00313,0.00314,0.003652,0.003118,0.0,-0.001554,0.007265,0.001546,-0.013375,0.02659,-0.014221,0.001546,-0.006173,-0.002588,0.001557,-0.004145,-0.001041,0.0,0.0,0.010417,-0.017526,0.013641,0.006211,0.00823,-0.014286,-0.004658,0.00936,0.003091,0.0,-0.00565,-0.001033,0.001034,-0.002583,0.004661,-0.000515,0.050542,-0.025528,0.005542,0.009519,-0.006452,-0.006494,0.012569,0.005958,0.001496,-0.001493,-0.024427,0.007154,0.009132,0.010055,-0.007466,0.0,-0.017051,0.004082,0.010671
80957,0.020526,-0.003853,0.002547,-0.015716,0.00239,0.000572,0.011439,0.018662,0.011566,0.00311,0.002918,-0.000182,-0.015277,0.0012,0.016141,0.017609,0.021408,0.034931,0.021939,0.003716,0.002879,-0.012058,-0.006974,0.001589,0.003005,-0.031794,0.006877,-0.006488,0.004554,-0.044654,0.014595,0.009355,0.023608,-0.008713,-0.005256,0.009096,-0.002404,-0.020997,0.00879,0.000871,-0.003656,0.013718,-0.020772,-0.021565,0.047949,0.044467,0.017095,0.006869,0.008828,-0.012172,-0.003382,-0.008323,-0.015564,0.003973,0.016737,0.001135,0.00972,-0.008824,-0.002266,-0.027093,0.003919,0.01063,0.021284
